76,89
90,156
173,177
184,189
191,204
210,217
218,230
231,276
277,304
305,331
346,354
355,378
380,391
392,399
400,427
434,438
439,451
452,474
475,505
506,519
520,532
534,559
561,569
570,576
583,592
593,600
601,614
615,621
622,634
635,649
650,660
661,676
677,682
683,692
693,711
712,720
721,729
730,741
742,751
752,766
767,772
773,781
785,816
817,828
829,841
842,849
853,858
859,869
870,877
878,889
891,902
904,907
909,922
924,935
936,969
970,1001
1002,1008
1009,1024
1025,1028
1029,1039
1040,1055
1056,1070
1071,1107
1108,1122
1123,1130
1131,1139
1140,1172
1173,1197
1198,1206
1207,1214
1215,1224
1225,1235
1236,1251
1252,1279
1280,1300
1301,1340
1341,1346
1347,1362
1363,1395
1396,1405
1406,1421
1422,1429
1430,1437
1438,1448
1449,1477
1478,1513
1514,1551
1559,1594
1595,1621
1622,1647
1648,1654
1655,1662
1663,1672
1673,1689
1690,1705
1706,1744
1745,1757
1758,1766
1767,1776
1777,1783
1784,1796
1797,1806
1807,1828
1829,1841
1842,1859
1860,1863
1865,1868
1869,1878
1879,1887
1888,1899
1900,1908
1909,1936
1937,1960
1961,1980
1981,1986
1987,2001
2002,2015
2016,2024
2025,2056
2057,2085
2086,2092
2093,2100
2101,2106
2107,2122
2123,2136
2137,2151
2152,2171
2172,2200
2201,2210
2211,2216
2217,2226
2227,2251
2252,2264
2265,2274
2275,2280
2281,2290
2291,2303
2304,2319
2320,2354
2355,2368
2369,2379
