79,100
101,124
125,134
135,145
146,158
159,163
164,177
178,208
209,252
253,280
281,338
339,373
374,392
393,410
411,428
429,443
444,469
470,492
493,499
500,536
537,572
573,587
588,597
598,673
674,694
696,713
714,729
730,749
750,770
771,789
790,815
816,826
827,839
840,850
851,861
863,866
867,892
893,896
897,916
917,928
929,939
940,984
985,1001
1002,1013
1014,1029
1030,1044
1045,1057
1058,1081
1082,1089
1090,1108
1109,1122
1123,1143
1144,1152
1153,1156
1157,1166
1167,1181
1182,1189
1190,1200
1201,1215
1216,1219
1223,1235
1236,1256
1257,1285
1286,1305
1306,1327
1328,1343
1344,1361
1362,1382
1383,1399
1400,1416
1417,1440
1441,1450
1451,1472
1475,1491
1492,1510
1513,1523
1524,1541
1542,1553
1554,1561
1562,1568
1569,1575
1576,1591
1592,1607
1608,1620
1621,1638
1639,1658
1659,1667
1668,1672
1673,1682
1683,1694
1695,1716
1717,1723
1724,1734
1735,1745
1746,1756
1757,1775
1779,1796
1797,1824
1825,1838
1839,1860
1861,1868
1869,1875
1876,1886
1887,1906
1907,1919
1920,1936
1937,1950
1951,1954
1955,1969
1970,1981
1982,1995
1996,2006
2007,2017
2018,2036
2037,2050
2051,2064
2065,2090
2091,2099
2100,2116
2117,2128
2129,2141
2142,2158
2159,2173
2174,2221
2222,2263
2264,2282
2283,2295
2296,2306
2307,2322
2323,2334
2335,2344
2345,2372
2373,2399
2400,2426
2427,2472
2473,2481
2482,2497
2498,2505
2506,2521
2522,2537
2538,2550
2551,2563
2564,2574
2575,2589
2590,2625
2626,2629
2630,2645
2646,2657
2658,2676
2677,2684
2685,2727
2728,2755
2756,2771
2772,2785
2786,2816
2817,2838
2839,2872
2873,2909
2910,2942
2943,2978
2979,3005
3006,3027
3028,3046
