78,85
86,125
126,136
137,158
159,181
182,200
201,215
216,226
227,279
280,308
309,332
333,360
361,388
389,418
419,450
453,456
491,496
517,523
527,542
629,635
636,644
645,676
677,711
713,724
725,731
732,743
744,758
759,768
769,782
783,794
795,804
805,816
817,827
828,840
841,853
854,867
868,875
876,884
885,901
902,912
914,918
919,935
936,957
958,971
972,982
983,994
995,1006
1007,1039
1040,1058
1067,1082
1083,1094
1095,1104
1105,1121
1122,1132
1133,1143
1144,1163
1164,1176
1177,1191
1192,1212
1213,1227
1228,1240
1241,1257
1258,1261
1262,1285
1286,1301
1302,1311
1312,1327
1329,1336
1337,1344
1345,1350
1351,1379
1380,1395
1396,1405
1409,1423
1424,1443
1444,1458
1459,1473
1475,1483
1484,1502
1503,1508
1509,1523
1524,1544
1545,1558
1559,1572
1573,1582
1583,1590
1591,1600
1601,1612
1613,1631
1632,1657
1658,1662
1663,1674
1675,1688
1689,1701
1702,1712
1713,1727
1728,1742
1743,1756
1759,1801
1802,1807
1808,1821
1822,1839
1840,1852
1853,1879
1880,1893
1894,1914
1915,1936
1937,1952
1953,1969
1970,1978
1979,1999
2000,2010
2011,2031
2032,2039
2040,2046
2047,2051
2052,2066
2067,2077
2080,2090
2091,2104
2118,2121
2122,2148
2149,2180
2181,2201
2202,2219
2220,2223
2235,2238
2241,2267
2268,2295
2296,2315
2316,2327
2328,2369
2370,2424
2425,2460
2461,2486
2487,2497
2498,2508
2509,2529
2530,2534
2535,2545
2546,2558
2559,2579
2580,2592
2593,2600
2601,2609
2610,2618
2619,2656
2657,2668
2669,2678
2679,2700
2701,2745
2746,2753
2754,2767
2768,2791
2792,2803
2804,2819
2820,2834
2835,2847
2848,2853
2854,2861
2862,2867
2869,2876
2877,2909
2912,2918
2919,2924
2928,2931
2932,2965
2966,2976
2977,2992
2993,3004
3005,3017
3018,3032
