78,84
85,108
109,126
127,137
138,148
149,159
160,168
173,177
178,220
221,230
231,234
238,241
243,248
249,258
259,277
278,302
303,313
314,324
325,349
350,362
363,379
380,402
403,428
429,472
473,486
487,498
499,511
512,546
547,574
575,591
592,609
610,643
644,667
668,687
688,721
722,739
740,745
746,754
755,795
796,804
805,819
820,855
856,876
877,922
923,975
976,1017
1018,1056
1057,1060
1061,1071
1072,1089
1090,1096
1097,1105
1106,1116
1117,1131
1132,1146
1147,1153
1154,1165
1166,1181
1182,1200
1201,1255
1256,1302
1303,1327
1328,1346
1347,1353
1354,1383
1384,1423
1424,1436
1437,1445
1446,1469
1470,1485
1486,1519
1520,1534
