78,99
100,127
128,154
155,168
169,184
185,201
202,224
225,259
260,270
274,283
284,321
322,341
344,360
361,379
380,403
404,425
426,448
449,481
482,505
506,523
524,585
586,612
613,648
649,659
660,680
681,689
690,701
702,748
749,788
789,819
820,861
862,902
903,913
914,926
927,947
948,963
964,967
969,979
980,992
993,1000
1001,1011
1012,1024
1025,1046
1047,1069
1070,1091
1092,1116
1117,1141
1142,1184
1185,1197
1198,1240
1245,1258
1259,1263
1264,1274
1275,1288
1289,1300
1301,1308
1309,1318
1319,1324
1325,1330
1332,1347
1348,1364
1365,1385
1386,1398
1399,1404
1405,1418
1419,1435
1436,1447
1448,1480
1481,1523
1524,1532
1533,1544
1546,1552
1553,1567
1568,1592
1593,1599
1600,1613
1614,1639
1640,1647
1648,1659
1660,1706
1707,1719
1720,1742
1743,1769
1770,1782
1783,1797
1798,1822
1823,1827
1828,1837
1838,1860
1864,1905
1906,1919
1920,1931
1932,1944
1945,1955
1956,1965
1966,1998
1999,2047
2048,2052
2053,2066
2067,2074
2075,2085
2086,2113
2114,2152
2153,2213
2214,2222
2223,2226
2227,2235
2236,2269
2270,2285
2286,2302
2303,2318
2319,2327
2328,2336
2337,2353
2354,2388
2389,2409
2410,2417
2418,2425
2426,2438
2439,2458
2459,2471
2472,2481
2482,2495
2496,2507
2508,2528
2529,2548
2549,2563
2564,2581
2582,2588
