214,221
222,229
230,244
245,255
256,306
307,334
335,353
354,375
376,426
427,480
481,506
513,523
524,529
530,538
539,547
548,567
568,609
610,633
634,667
678,708
711,715
716,733
734,749
750,761
762,784
785,796
797,810
811,835
836,872
873,890
891,924
925,949
950,955
956,969
970,986
987,1007
1008,1015
1016,1021
1022,1029
1030,1052
1107,1110
1118,1122
1136,1147
1148,1151
1152,1160
1161,1184
1185,1198
1199,1205
1206,1225
1226,1245
1246,1254
1255,1261
1262,1285
1286,1305
1307,1313
1314,1318
1319,1324
1325,1336
1350,1354
1356,1360
1361,1387
1388,1420
1421,1435
1436,1443
1444,1450
1451,1457
1458,1464
1465,1494
1495,1505
1506,1517
1518,1527
1528,1535
1536,1548
1549,1554
1555,1563
1564,1577
1578,1592
1593,1611
1612,1644
1645,1673
1674,1708
1709,1749
1750,1779
1780,1799
1800,1822
1823,1837
1838,1848
1849,1861
1862,1878
1879,1886
1887,1906
1907,1913
1914,1922
1923,1936
1937,1954
1955,1972
1973,2002
2003,2016
2017,2031
2032,2075
2076,2094
2095,2109
2110,2119
2120,2135
2136,2152
2153,2164
2165,2176
2177,2196
2197,2218
2219,2258
2259,2270
2271,2324
2325,2342
2343,2359
2360,2374
2375,2393
2394,2409
2410,2433
2434,2475
2476,2486
2487,2494
2495,2508
2509,2529
2530,2546
2547,2552
2553,2585
2586,2603
2604,2633
2634,2643
2644,2671
2674,2691
2692,2713
2714,2784
2785,2803
2804,2815
2816,2826
2827,2833
2834,2844
2845,2858
2859,2880
2881,2897
2898,2914
2915,2926
2927,2943
2944,2960
2961,2981
2982,2986
2987,3011
3012,3030
3031,3046
3047,3056
3057,3073
3074,3094
3095,3130
