76,113
114,148
149,182
183,189
190,212
213,252
253,277
278,299
300,319
320,330
331,352
353,375
376,412
413,466
467,501
502,517
518,527
528,544
548,553
557,588
589,609
610,635
636,651
652,669
670,688
689,702
703,716
717,728
729,739
740,756
757,764
765,786
787,800
801,816
817,834
835,853
854,859
860,877
878,899
900,918
919,938
939,955
956,971
972,988
989,999
1000,1007
1008,1025
1026,1036
1037,1082
1083,1099
1100,1119
1120,1128
1129,1142
1143,1157
1158,1172
1173,1188
1189,1203
1204,1233
1234,1249
1250,1257
1258,1282
1283,1304
1305,1333
1334,1369
1370,1402
1403,1440
1442,1456
1457,1469
1470,1484
1485,1493
1494,1505
1506,1516
1517,1529
1530,1547
1548,1557
1558,1564
1565,1572
1573,1588
1589,1609
1610,1631
1632,1657
1658,1668
1669,1686
1687,1696
1697,1720
1721,1768
1769,1813
1814,1866
1867,1893
1894,1936
1937,1980
1981,1995
1996,2014
2015,2028
2037,2043
2044,2059
2060,2074
2075,2081
2082,2099
2100,2105
2106,2136
2137,2154
2155,2195
2196,2212
2213,2263
2264,2283
2284,2312
2313,2331
2332,2341
2342,2352
2353,2361
2362,2374
2375,2389
2390,2420
2421,2430
2431,2447
2448,2465
2466,2477
2478,2495
2497,2505
2506,2530
2531,2548
2549,2558
2559,2567
2568,2573
2574,2592
2593,2609
2610,2624
2625,2632
2633,2651
2652,2659
2660,2671
2672,2680
2681,2715
2716,2733
2734,2754
2755,2789
2790,2806
2807,2812
2813,2829
2830,2843
2844,2855
2856,2865
2866,2898
2899,2940
2941,2950
2951,2971
2972,2991
2992,3008
3009,3019
3020,3027
3028,3050
3051,3067
3068,3126
3127,3137
3138,3145
3146,3158
3159,3169
3170,3177
3178,3193
3194,3209
3210,3235
3236,3250
