76,90
91,109
110,119
120,129
130,155
156,205
207,217
219,243
244,254
255,270
271,291
292,323
324,342
343,373
374,390
392,396
397,401
402,428
429,441
442,453
454,515
516,583
584,593
594,607
608,644
645,680
681,711
712,767
768,781
782,805
806,843
844,913
914,933
934,949
950,972
973,990
991,1003
1004,1021
1022,1031
1032,1046
1047,1070
1071,1079
1080,1095
1096,1106
1107,1120
1121,1132
1133,1146
1147,1163
1164,1195
1196,1211
1212,1230
1231,1252
1253,1273
1274,1286
1287,1292
1293,1360
1361,1383
1384,1436
1437,1461
1462,1480
1481,1494
1495,1504
1505,1512
1513,1526
1527,1549
1550,1575
1576,1580
1581,1632
1633,1676
1677,1730
1731,1752
1753,1770
1771,1790
1791,1807
1808,1822
1823,1848
1849,1856
1857,1866
1867,1878
1879,1890
1891,1939
1940,1948
1949,1968
1969,2033
2034,2069
2070,2117
2118,2124
2189,2206
2207,2212
2213,2226
2227,2255
2256,2278
2279,2297
2298,2343
2344,2360
2361,2370
2371,2376
2377,2385
2386,2394
2398,2413
2414,2428
2429,2446
2447,2468
2469,2474
2475,2491
2492,2509
2510,2521
2522,2541
2542,2561
2562,2589
2590,2609
2610,2643
2644,2671
2672,2688
2689,2699
2700,2708
2709,2720
2721,2737
2738,2753
2754,2769
2770,2791
2793,2860
2861,2874
2875,2902
2903,2910
2911,2924
2925,2940
2941,2963
2964,2986
2987,3005
3006,3017
3018,3035
3036,3046
3047,3052
3053,3062
3063,3078
3079,3150
3151,3182
3183,3235
3236,3269
3270,3281
3282,3298
3299,3309
3310,3325
3326,3337
3338,3345
3346,3382
3383,3401
3402,3413
3414,3425
3426,3432
3433,3443
3444,3459
3460,3478
3479,3499
3500,3517
3518,3531
3532,3537
3538,3550
3552,3566
3567,3613
3614,3639
3640,3656
3657,3682
3683,3699
3700,3719
3720,3747
3748,3772
3773,3791
3792,3806
3807,3822
3823,3832
3833,3841
3842,3857
3858,3865
3866,3883
3884,3901
3902,3935
3936,3950
3953,3962
3963,3986
3987,4015
4016,4029
4030,4053
4054,4071
4072,4079
4080,4098
4099,4117
4118,4178
4179,4240
4241,4251
4252,4286
4287,4302
4303,4320
4321,4326
4327,4336
4339,4370
4372,4410
4411,4424
4425,4435
4436,4446
4447,4493
4494,4511
4512,4522
4523,4528
4529,4536
4537,4544
4545,4569
4570,4580
4581,4595
4596,4602
4603,4612
4613,4623
4634,4665
4666,4676
4677,4684
4685,4715
4716,4747
4748,4770
4771,4787
4788,4797
4798,4823
4824,4842
4843,4849
4850,4864
4865,4876
4877,4902
4903,4920
4921,4930
