77,116
117,164
165,192
193,220
221,246
247,276
280,295
296,317
322,326
328,368
369,385
386,401
402,414
415,429
430,445
446,453
454,473
474,485
486,494
495,510
511,531
532,548
549,554
555,575
577,587
589,596
597,611
612,628
629,640
641,650
651,665
666,686
687,705
706,754
755,795
796,837
839,853
854,857
858,868
869,879
880,901
902,921
922,937
938,952
953,968
969,986
987,995
997,1003
1004,1022
1023,1034
1035,1081
1082,1091
1092,1141
1142,1159
1160,1179
1180,1192
1193,1215
1216,1234
1235,1252
1258,1268
1270,1294
1298,1318
1319,1338
1339,1354
1355,1364
1365,1396
1397,1454
1455,1468
1469,1499
1500,1543
1544,1551
1556,1563
1564,1606
1607,1637
1676,1701
1705,1708
1719,1779
1780,1819
1820,1836
1837,1846
1847,1869
1870,1883
1884,1894
1895,1903
1904,1922
1923,1959
1960,1987
1988,2009
2010,2023
2024,2039
2040,2049
2050,2065
2066,2080
2081,2095
2096,2134
2135,2191
2192,2243
2244,2277
2278,2298
2299,2304
2320,2332
2333,2343
2344,2363
2364,2378
2379,2405
2406,2429
2430,2435
2436,2448
2449,2469
2470,2485
2486,2503
2504,2516
2517,2531
2532,2540
2541,2555
2556,2562
2563,2587
2588,2612
2613,2623
2624,2655
2656,2698
2699,2750
2751,2814
2815,2827
2828,2836
2837,2845
2846,2852
2853,2861
2862,2867
2868,2890
2891,2947
2948,3007
