88,95
96,107
108,117
118,132
133,142
143,163
164,196
197,210
211,222
223,251
252,263
264,283
284,299
300,313
314,327
328,366
367,380
381,390
391,396
397,407
408,424
425,437
438,446
447,457
458,472
473,512
513,537
538,551
552,557
558,571
572,579
580,599
600,608
609,620
621,627
628,634
635,649
650,656
657,669
670,679
680,686
687,703
704,713
714,720
721,732
733,740
741,765
766,785
786,799
800,806
807,817
818,827
828,832
833,844
845,853
854,875
876,906
909,926
927,942
943,948
949,957
958,965
966,977
978,990
991,1000
1001,1011
1012,1019
1020,1032
1033,1049
1050,1054
1056,1073
1074,1086
1087,1096
1097,1102
1103,1130
1131,1150
1151,1174
1175,1195
1196,1207
1208,1217
1218,1225
1226,1237
1238,1254
1255,1263
1264,1270
1271,1309
1312,1332
1333,1345
1346,1358
1359,1375
1376,1387
1388,1391
1393,1397
1398,1429
1430,1469
1470,1485
1486,1492
1493,1504
1505,1514
1515,1524
1525,1536
1537,1549
1550,1562
1563,1572
1573,1596
1597,1619
1620,1623
1624,1633
1634,1641
1642,1654
1655,1677
1678,1695
1696,1714
1715,1737
1738,1760
1761,1771
1772,1781
1782,1807
1808,1829
1830,1856
1857,1881
1882,1891
1892,1904
1905,1913
1914,1924
1925,1961
1962,1966
1967,1977
1978,1994
1995,2011
2012,2040
2041,2052
2053,2062
2063,2075
2076,2115
2116,2143
2144,2162
2163,2188
2189,2195
2196,2207
2208,2216
2217,2226
2227,2244
2245,2258
2259,2268
2269,2277
2278,2290
2291,2298
2299,2313
2314,2341
2342,2348
2349,2353
2359,2364
2365,2375
2376,2392
2393,2408
2409,2415
2416,2423
2424,2438
2439,2450
2451,2458
