130,159
161,173
174,195
205,245
246,253
254,280
281,304
305,320
321,331
332,363
366,391
392,411
412,427
428,451
452,481
482,505
506,510
511,514
515,524
525,553
554,592
831,834
835,843
844,851
852,870
880,889
890,901
902,919
920,947
948,979
980,997
998,1034
1035,1068
1069,1104
1105,1131
1132,1147
1148,1154
1155,1167
1168,1186
1187,1200
1201,1227
1228,1244
1245,1252
1253,1259
1260,1269
1273,1283
1321,1324
1327,1341
1342,1366
1367,1377
1380,1386
1387,1394
1395,1411
1412,1429
1430,1443
1444,1479
1480,1486
1487,1497
1498,1507
1508,1519
1520,1531
1534,1540
1541,1553
1554,1574
1575,1587
1588,1597
1598,1608
1609,1620
1621,1639
1640,1650
1651,1667
1668,1690
1691,1700
1701,1715
1716,1722
1723,1730
1731,1755
1756,1759
1761,1792
1793,1797
1803,1816
1817,1824
1826,1840
1841,1864
1865,1879
1882,1893
1894,1926
1927,1944
1945,1969
1970,1988
1989,2000
2001,2031
2032,2042
2043,2053
2054,2072
2073,2093
2094,2120
2121,2140
2141,2161
2162,2181
2182,2208
2209,2243
2244,2262
2263,2275
2276,2283
2284,2298
2300,2303
2305,2314
2315,2329
2330,2352
2353,2368
2369,2397
2398,2408
2409,2423
2424,2445
2446,2456
2457,2468
2469,2475
2476,2485
2486,2510
2511,2517
2518,2531
2532,2556
2557,2575
2576,2585
2586,2599
2600,2618
2619,2624
2625,2644
2645,2657
2658,2668
2669,2708
2713,2725
2726,2737
2738,2751
2752,2784
2786,2792
2793,2836
2837,2899
2900,2935
2936,2945
2946,2966
2967,2983
2984,3002
3073,3101
3102,3124
3125,3146
3147,3161
3162,3168
3169,3183
3184,3199
3200,3221
3222,3256
3257,3265
3266,3277
3278,3292
3294,3297
3303,3322
3324,3343
3344,3351
3352,3368
3369,3379
3380,3387
3388,3407
3408,3420
3421,3429
3430,3438
3439,3476
3477,3499
3500,3518
3519,3528
3529,3553
3554,3606
3664,3672
3673,3685
3686,3690
3691,3706
3707,3716
3717,3733
3734,3746
3747,3758
3763,3788
3789,3801
3802,3823
3824,3844
3845,3853
3854,3885
3886,3895
3896,3902
3903,3915
3916,3938
3939,3957
3958,3974
3975,3983
3984,4000
4001,4012
4013,4023
4024,4044
4045,4065
4066,4077
4078,4093
4094,4108
4109,4122
4123,4135
4136,4144
4145,4161
