76,120
121,125
126,147
148,215
216,231
232,249
250,258
259,281
282,330
331,344
345,367
368,433
434,483
484,547
548,559
561,569
570,576
577,589
590,616
617,625
626,636
637,661
662,671
672,685
686,711
712,723
724,740
741,757
758,788
789,820
821,877
878,931
932,971
972,981
982,993
994,1007
1008,1017
1018,1036
1037,1064
1065,1088
1089,1135
1136,1183
1184,1244
1245,1254
1255,1279
1280,1295
1296,1300
1301,1315
1316,1327
1328,1350
1351,1373
1374,1398
1399,1423
1424,1445
1446,1457
1458,1463
1464,1473
1475,1507
1508,1563
1564,1571
1572,1582
1583,1608
1609,1624
1625,1638
1639,1652
1653,1666
1667,1685
1686,1709
1710,1733
1734,1742
1743,1747
1748,1762
1763,1784
1785,1796
1797,1808
1809,1828
1829,1835
1836,1862
1863,1913
1914,1919
1920,1939
1940,1947
1948,1970
1971,1991
1992,2004
2005,2013
2014,2037
2038,2079
2080,2095
2097,2107
2108,2118
2119,2137
2138,2159
2160,2182
2183,2204
2205,2250
2257,2263
2267,2274
2275,2287
2288,2295
2296,2308
2309,2318
2319,2326
2327,2342
2343,2357
2358,2376
2377,2405
2406,2432
2433,2452
2453,2462
2463,2476
2477,2489
2490,2508
2516,2537
2538,2599
2600,2613
2614,2627
2628,2633
2634,2652
2653,2671
2672,2695
2696,2713
2714,2743
2744,2772
2773,2789
2790,2802
2803,2809
2810,2829
2830,2843
2844,2873
2874,2899
2900,2917
2919,2927
2928,2933
2934,2952
2953,2963
2964,2972
2973,3033
3034,3047
3048,3065
3066,3097
3098,3127
3128,3137
3138,3160
3161,3172
3173,3181
3182,3192
3193,3211
3212,3223
3224,3233
3234,3253
3254,3269
3270,3284
3285,3291
3292,3302
3303,3319
3320,3339
3340,3359
3360,3379
3380,3399
3400,3408
3409,3420
3421,3445
3446,3463
3464,3480
3481,3497
3498,3524
3525,3540
3541,3552
3553,3573
3574,3591
3592,3602
3603,3610
3611,3636
3637,3644
3645,3660
3661,3679
3680,3691
3692,3712
3713,3717
3718,3729
3730,3749
3750,3764
3765,3773
3779,3783
3784,3796
3797,3812
3813,3853
3854,3861
3862,3870
3871,3882
3883,3900
3901,3922
3923,3935
3936,3955
3956,4022
4023,4037
4038,4068
4069,4081
4082,4096
4097,4105
4106,4116
4117,4132
4133,4137
4139,4172
4173,4221
4222,4240
4241,4247
4248,4256
4257,4268
4269,4282
4283,4304
4305,4323
4324,4370
4445,4456
4457,4490
4491,4500
4501,4522
4523,4535
4536,4544
