76,129
130,158
159,183
184,215
216,259
260,289
292,319
320,347
348,358
359,366
367,382
383,391
393,423
425,478
479,511
512,538
539,546
547,555
556,573
574,606
607,640
641,674
675,696
697,723
724,761
762,776
777,815
816,842
843,887
888,902
903,933
934,969
970,991
992,1010
1011,1021
1022,1039
1040,1066
1067,1096
1097,1117
1118,1129
1130,1151
1152,1177
1178,1217
1218,1251
1252,1269
1270,1276
1277,1287
1288,1301
1302,1320
1321,1333
1334,1352
1353,1364
1365,1380
1381,1424
1425,1455
1456,1472
1473,1513
1514,1568
1569,1583
1584,1594
1595,1611
1613,1616
1617,1629
1630,1644
1645,1653
1654,1679
1680,1723
1724,1733
1734,1744
1745,1763
1768,1794
1795,1822
1823,1839
1840,1860
1861,1875
1876,1895
1896,1927
1928,1955
1956,1969
1970,1981
1982,1985
1986,1991
1992,1997
1998,2017
2018,2031
2032,2044
2045,2067
2068,2077
2078,2089
2090,2103
2104,2110
2111,2118
2119,2135
2136,2149
2150,2192
2193,2226
2227,2258
2259,2263
2264,2268
2270,2273
2274,2282
2283,2298
2303,2322
2323,2336
2352,2366
2367,2411
2412,2418
2419,2429
2430,2437
2438,2457
2460,2475
2476,2499
2500,2542
2543,2584
2585,2595
2596,2608
2609,2622
2623,2644
2645,2648
2649,2653
2654,2668
2669,2684
2685,2718
2719,2722
2723,2733
2734,2748
2749,2760
2761,2774
2775,2827
2834,2845
2846,2869
2870,2884
2885,2900
2901,2915
2916,2930
2931,2940
2941,2959
2960,2985
2986,3040
3041,3049
3050,3058
3059,3071
3072,3125
3126,3166
3167,3181
3182,3193
3194,3223
3224,3237
3238,3274
3279,3290
3291,3309
3310,3324
3325,3333
3334,3343
3344,3357
3358,3372
3373,3388
3389,3401
3402,3416
3417,3436
3437,3446
3447,3454
3455,3474
3475,3488
3489,3503
3504,3514
3515,3527
3528,3537
3538,3553
3554,3561
3562,3577
3578,3602
3603,3610
3611,3622
3623,3646
3647,3667
3668,3702
3703,3729
3730,3748
3749,3772
3773,3783
3784,3794
3795,3803
3804,3814
3815,3839
3840,3848
3849,3858
3859,3906
3907,3930
3931,3938
3939,3945
3946,3974
3975,3990
