76,80
82,130
131,153
154,162
163,201
202,226
227,243
244,287
288,304
305,361
362,397
398,432
433,447
448,465
466,533
534,541
542,561
562,587
588,616
617,634
635,663
664,706
707,718
719,734
735,757
760,785
792,801
802,835
836,863
864,872
873,882
883,904
905,922
923,955
956,977
978,992
993,1001
1002,1006
1007,1016
1017,1042
1072,1075
1077,1088
1089,1098
1099,1109
1110,1125
1126,1148
1149,1163
1164,1201
1202,1211
1212,1218
1219,1239
1240,1254
1255,1270
1271,1292
1293,1311
1312,1326
1327,1342
1343,1349
1350,1371
1372,1382
1383,1387
1390,1418
1419,1457
1458,1475
1476,1484
1485,1494
1495,1502
1537,1548
1549,1571
1572,1610
1611,1654
1655,1673
1679,1692
1693,1737
1738,1747
1748,1756
1757,1766
1767,1800
1801,1819
1820,1832
1834,1838
1840,1851
1852,1864
1865,1901
1902,1932
1933,1970
1971,2011
2012,2091
2092,2111
2112,2119
2120,2137
2138,2155
2156,2162
2163,2175
2176,2192
2193,2208
2212,2231
2232,2264
2265,2270
2271,2278
2279,2310
2311,2356
2357,2366
2367,2377
2378,2391
2392,2409
2410,2430
2431,2444
2448,2472
2473,2490
2491,2506
2507,2517
2518,2525
2526,2544
2545,2558
2559,2566
2567,2576
2577,2596
2597,2615
2616,2656
2657,2662
2663,2672
2673,2689
2690,2700
2701,2709
2710,2721
2722,2728
2729,2742
2743,2775
2776,2787
2788,2793
2801,2804
2808,2811
2812,2858
2859,2866
2867,2870
2871,2885
2886,2893
2894,2912
2913,2922
2923,2937
2938,2956
2957,2966
2967,2973
2974,2996
2997,3010
3011,3022
3023,3036
3042,3046
3056,3063
3064,3075
3076,3086
3087,3096
3097,3110
3111,3120
3121,3143
3144,3150
3151,3156
3157,3167
3168,3177
3178,3207
3208,3220
3221,3229
3230,3236
3237,3249
3254,3262
3263,3285
3286,3325
3328,3338
3339,3351
3352,3362
3363,3375
3376,3391
3394,3422
3423,3431
3432,3447
3448,3462
3463,3472
3473,3481
3482,3489
3490,3515
3516,3546
3547,3578
3582,3592
3594,3597
3598,3611
3612,3619
3620,3625
3670,3674
3686,3700
3701,3725
3726,3739
3740,3750
3751,3761
3762,3783
3784,3797
3798,3834
3835,3856
3857,3869
3870,3880
3881,3891
