76,105
106,137
138,144
145,162
163,174
175,200
201,207
208,212
213,229
230,260
262,266
267,272
299,373
381,410
411,432
433,449
450,460
461,473
474,493
494,507
508,514
515,533
534,580
584,605
611,618
619,632
633,636
662,685
695,699
700,719
720,742
743,747
748,752
753,761
762,775
776,786
787,796
797,822
823,840
841,859
860,875
876,897
898,925
927,930
931,965
966,979
980,989
990,1035
1036,1056
1057,1080
1081,1101
1102,1117
1118,1146
1147,1170
1171,1191
1192,1259
1260,1268
1269,1278
1279,1295
1296,1312
1313,1340
1341,1363
1364,1391
1392,1417
1418,1439
1440,1453
1454,1478
1479,1523
1524,1547
1548,1581
1582,1607
1608,1618
1619,1632
1633,1643
1644,1654
1655,1670
1671,1691
1692,1713
1714,1737
1738,1750
1751,1775
1776,1797
1798,1814
1815,1851
1852,1868
1869,1889
1890,1906
1907,1912
1914,1924
1925,1933
1934,1944
1945,1956
1957,1977
1978,1998
1999,2025
2026,2044
2045,2059
2060,2071
2072,2098
2099,2122
2123,2136
2137,2149
2150,2162
2163,2181
2182,2201
2202,2224
2225,2246
2247,2259
2260,2277
2278,2296
2297,2314
2315,2327
2328,2345
2352,2355
2407,2430
2431,2438
2439,2465
2466,2483
2484,2490
2491,2509
2510,2524
2525,2533
2534,2553
2554,2564
2565,2580
2581,2594
2595,2608
2609,2619
2620,2625
2626,2636
2637,2645
2646,2658
2659,2672
2673,2682
2683,2694
2695,2701
2702,2708
2709,2730
2731,2737
2739,2742
2744,2768
2769,2795
2796,2816
2817,2821
2822,2831
2832,2840
2841,2866
2867,2877
2878,2885
2886,2894
2895,2902
2903,2912
2913,2925
2926,2939
2940,2949
2950,2963
2964,2968
2969,2980
2981,2992
2993,3005
3006,3023
3024,3030
3031,3041
3042,3052
3053,3064
3065,3071
3072,3087
3088,3101
3102,3109
3110,3119
3120,3126
3130,3147
3148,3172
3173,3188
3189,3201
3202,3208
3209,3224
3225,3237
3238,3259
3260,3269
3270,3284
3285,3288
3289,3298
3299,3314
3315,3327
3328,3338
3339,3351
3352,3366
3367,3378
3379,3389
3390,3396
3397,3409
3410,3417
3418,3435
3436,3455
3456,3466
3467,3473
3475,3482
3483,3494
3495,3506
3507,3522
3523,3529
3530,3570
3571,3576
3577,3581
3588,3592
3593,3602
3603,3624
3625,3638
3639,3648
3650,3658
3663,3687
3688,3704
3705,3727
3728,3739
3740,3745
3746,3771
3772,3783
3784,3797
3798,3814
