86,134
135,145
146,171
172,222
223,252
253,295
297,328
329,367
368,424
425,487
488,551
552,573
574,586
587,611
612,644
645,667
668,689
690,709
710,728
729,736
737,743
744,762
763,775
776,790
791,829
830,850
851,861
862,877
878,888
889,909
910,924
925,958
959,988
989,1022
1023,1039
1040,1054
1055,1066
1067,1080
1081,1084
1085,1092
1093,1110
1111,1125
1126,1150
1151,1177
1178,1191
1194,1201
1202,1223
1224,1234
1235,1256
1257,1264
1265,1278
1279,1305
1306,1324
1325,1343
1344,1356
1357,1365
1366,1379
1380,1416
1417,1440
1441,1461
1462,1469
1470,1479
1480,1487
1488,1504
1505,1513
1514,1523
1524,1532
1533,1548
1549,1573
1574,1597
1598,1617
1618,1623
1624,1627
1628,1636
1637,1649
1650,1665
1666,1683
1684,1700
1701,1722
1723,1744
1745,1769
1770,1823
1824,1832
1833,1855
1856,1891
1892,1905
1906,1921
1922,1939
1940,1962
1963,1993
1994,2021
2022,2047
2048,2064
2065,2073
2074,2082
2083,2091
2092,2143
2145,2191
2192,2202
2203,2221
2222,2240
2242,2248
2249,2257
2258,2265
2266,2285
2286,2301
2302,2350
2351,2377
2378,2396
2397,2427
2428,2442
2443,2450
2451,2460
2461,2472
2473,2490
2491,2503
2504,2513
2514,2521
2522,2554
2555,2580
2581,2593
2594,2628
2629,2668
2669,2700
2701,2718
2719,2727
2728,2744
2745,2772
2773,2793
2794,2811
2812,2824
2825,2861
2865,2887
2888,2896
2897,2916
2917,2945
2946,2949
2950,2961
2962,2977
2978,2985
2986,3029
3030,3056
3057,3063
3064,3069
3070,3083
3090,3109
3110,3119
3120,3130
3131,3139
3140,3162
3163,3176
3177,3186
3187,3196
3197,3257
3259,3263
3272,3285
3286,3298
3299,3315
3316,3330
3332,3359
3360,3371
3372,3384
3385,3408
3409,3418
3419,3425
3426,3468
3469,3487
3488,3502
3503,3517
3518,3535
3536,3552
3553,3568
3569,3579
3580,3588
3589,3605
3606,3623
3624,3632
3633,3644
3645,3649
3651,3676
3677,3704
3705,3721
3722,3727
3728,3734
3735,3738
