78,94
96,118
119,151
152,230
231,250
251,286
287,334
335,372
373,386
388,418
420,438
439,465
466,474
475,484
488,492
551,554
571,578
579,594
595,607
608,617
618,641
642,659
660,672
673,682
683,703
704,710
711,720
721,735
736,760
761,827
828,835
836,851
852,858
859,868
872,914
915,954
955,971
972,982
983,992
993,1001
1002,1005
1007,1018
1019,1031
1032,1065
1066,1089
1090,1105
1106,1111
1112,1130
1131,1159
1160,1181
1182,1220
1221,1228
1229,1241
1242,1254
1255,1273
1274,1285
1286,1299
1300,1321
1322,1344
1345,1351
1352,1371
1372,1390
1391,1405
1448,1476
1477,1495
1496,1508
1509,1526
1527,1540
1541,1556
1557,1574
1575,1587
1588,1600
1601,1614
1615,1633
1634,1661
1662,1677
1678,1682
1684,1691
1692,1761
1762,1783
1784,1799
1804,1807
1808,1813
1814,1820
1821,1834
1835,1842
1844,1849
1850,1858
1860,1867
1868,1878
1880,1886
1887,1897
1898,1913
1915,1918
1919,1938
1939,1945
1946,1964
1965,2014
2015,2032
2033,2045
2046,2055
2056,2089
2090,2132
2135,2150
2152,2187
2188,2198
2199,2205
2206,2228
2229,2236
2237,2252
2253,2266
2267,2270
2271,2279
2280,2283
2284,2309
2310,2333
2334,2342
2343,2357
2358,2373
2374,2388
2389,2392
2393,2401
2402,2412
2413,2419
2420,2462
2463,2481
2482,2508
2509,2534
2535,2549
2550,2583
2584,2603
2604,2633
2634,2665
2666,2678
2679,2696
2697,2703
2704,2716
2717,2723
2724,2739
2740,2753
2754,2766
2767,2777
2778,2789
2790,2815
2816,2831
2832,2845
2846,2864
2865,2904
2905,2924
2925,2934
2935,2940
2941,2956
2957,2975
2976,2987
2988,3003
3004,3011
3012,3048
3049,3066
3067,3102
3103,3115
3116,3134
3135,3142
3143,3152
3154,3162
3163,3187
3188,3192
3193,3203
3204,3211
3212,3224
3225,3237
3238,3243
3244,3254
3255,3276
3277,3285
3286,3293
