77,111
112,147
148,190
191,226
227,269
270,301
302,330
331,379
380,408
409,428
429,453
454,480
481,506
507,517
518,525
526,535
536,549
550,557
558,623
624,702
703,756
757,806
807,826
827,846
847,874
875,885
886,897
898,905
906,913
914,954
956,982
983,999
1000,1010
1011,1026
1027,1044
1045,1053
1054,1069
1070,1095
1096,1105
1106,1114
1115,1124
1125,1142
1143,1153
1154,1167
1168,1174
1175,1188
1189,1201
1202,1210
1211,1262
1263,1274
1275,1294
1295,1303
1304,1324
1325,1332
1333,1337
1338,1350
1351,1364
1365,1381
1382,1395
1396,1400
1401,1418
1419,1427
1428,1441
1442,1459
1460,1479
1480,1488
1489,1498
1499,1544
1545,1553
1554,1563
1564,1575
1576,1593
1594,1604
1605,1626
1627,1672
1673,1688
1689,1696
1697,1729
1730,1746
1747,1756
1757,1760
1761,1812
1816,1820
1821,1825
1826,1848
1849,1868
1869,1903
1904,1931
1932,1941
1942,1951
1954,1961
1962,1990
1991,2000
2001,2007
2009,2038
2039,2069
2070,2091
2092,2108
2109,2131
2132,2141
2142,2168
2169,2179
2180,2188
2189,2203
2204,2212
2229,2241
2242,2251
2252,2263
2264,2282
2283,2327
2328,2365
2366,2383
2384,2427
2428,2461
2462,2472
2473,2484
2485,2490
2491,2509
2510,2526
2527,2539
2540,2563
2564,2582
2583,2598
2599,2607
2608,2633
2634,2651
2652,2664
2665,2681
2682,2686
2687,2691
2692,2710
2711,2722
2723,2744
2745,2751
2752,2756
2757,2768
2769,2780
2781,2785
2786,2796
2797,2817
2820,2833
2834,2840
2841,2872
2873,2887
2888,2899
2900,2908
2909,2917
2918,2936
2937,2948
2949,3001
3002,3012
3013,3028
3029,3043
3044,3058
3059,3076
3077,3095
3098,3102
