0	0	0	0	0	0	0	
0	0	0	0	0	0	0	
0	0	0	0	0	0	0	
0	0	0	0	0	0	0	
0	0	0	0	0	0	0	
0	0	0	0	0	0	0	
0	0	0	0	0	0	0	
0	0	0	0	0	0	0	
0	0	0	0	0	0	0	
0	0	0	0	0	0	0	
0	0	0	0	0	0	0	
0	0	0	0	0	0	0	
0	0	0	0	0	0	0	
0	0	0	0	0	0	0	
0	0	0	0	0	0	0	
0	0	0	0	0	0	0	
0	0	0	0	0	0	0	
0	0	0	0	0	0	0	
0	0	0	0	0	0	0	
0	0	0	0	0	0	0	
0	0	0	0	0	0	0	
0	0	0	0	0	0	0	
0	0	0	0	0	0	0	
0	0	0	0	0	0	0	
0	0	0	0	0	0	0	
0	0	0	0	0	0	0	
0	0	0	0	0	0	0	
0	0	0	0	0	0	0	
0	0	0	0	0	0	0	
0	0	0	0	0	0	0	
0	0	0	0	0	0	0	
0	0	0	0	0	0	0	
0	0	0	0	0	0	0	
0	0	0	0	0	0	0	
0	0	0	0	0	0	0	
0	0	0	0	0	0	0	
0	0	0	0	0	0	0	
0	0	0	0	0	0	0	
0	0	0	0	0	0	0	
0	0	0	0	0	0	0	
0	0	0	0	0	0	0	
0	0	0	0	0	0	0	
0	0	0	0	0	0	0	
0	0	0	0	0	0	0	
0	0	0	0	0	0	0	
0	0	0	0	0	0	0	
0	0	0	0	0	0	0	
0	0	0	0	0	0	0	
0	0	0	0	0	0	0	
0	0	0	0	0	0	0	
0	0	0	0	0	0	0	
0	0	0	0	0	0	0	
0	0	0	0	0	0	0	
0	0	0	0	0	0	0	
0	0	0	0	0	0	0	
0	0	0	0	0	0	0	
0	0	0	0	0	0	0	
0	0	0	0	0	0	0	
0	0	0	0	0	0	0	
0	0	0	0	0	0	0	
0	0	0	0	0	0	0	
0	0	0	0	0	0	0	
0	0	0	0	0	0	0	
0	0	0	0	0	0	0	
0	0	0	0	0	0	0	
0	0	0	0	0	0	0	
0	0	0	0	0	0	0	
0	0	0	0	0	0	0	
0	0	0	0	0	0	0	
0	0	0	0	0	0	0	
0	0	0	0	0	0	0	
0	0	0	0	0	0	0	
0	0	0	0	0	0	0	
0	0	0	0	0	0	0	
0	0	0	0	0	0	0	
0	0	0	0	0	0	0	
0	0	0	0	0	0	0	
13	17	13	13	13	13	13	
13	17	13	13	13	13	13	
13	17	13	13	13	13	13	
13	17	13	13	13	13	13	
13	17	13	13	13	13	13	
13	17	13	13	13	13	13	
13	17	13	13	13	13	13	
13	17	13	13	13	13	13	
13	17	13	13	13	13	13	
13	17	13	13	13	13	13	
13	17	13	13	13	13	13	
13	17	13	13	13	13	13	
13	17	13	13	13	13	13	
13	17	13	13	13	13	13	
13	17	13	13	13	13	13	
13	17	13	13	13	13	13	
13	17	13	13	13	13	13	
13	17	13	13	13	13	13	
13	17	13	13	13	13	13	
13	17	13	13	13	13	13	
13	17	13	13	13	13	13	
13	17	13	13	13	13	13	
13	17	13	13	13	13	13	
13	17	13	13	13	13	13	
13	17	13	13	13	13	13	
13	17	13	13	13	13	13	
13	17	13	13	13	13	13	
13	17	13	13	13	13	13	
13	17	13	13	13	13	13	
13	17	13	13	13	13	13	
13	17	13	13	13	13	13	
13	17	13	13	13	13	13	
13	17	13	13	13	13	13	
13	17	13	13	13	13	13	
13	17	13	13	13	13	13	
13	17	13	13	13	13	13	
13	17	13	13	13	13	13	
13	17	13	13	13	13	13	
13	17	13	13	13	13	13	
13	17	13	13	13	13	13	
13	17	13	13	13	13	13	
13	17	13	13	13	13	13	
13	17	13	13	13	13	13	
13	17	13	13	13	13	13	
13	17	13	13	13	13	13	
13	17	13	13	13	13	13	
13	17	13	13	13	13	13	
13	17	13	13	13	13	13	
13	17	13	13	13	13	13	
13	17	13	13	13	13	13	
13	17	13	13	13	13	13	
13	17	13	13	13	13	13	
13	17	13	13	13	13	13	
13	17	13	13	13	13	13	
13	17	13	13	13	13	13	
13	17	13	13	13	13	13	
13	17	13	13	13	13	13	
13	17	13	13	13	13	13	
13	17	13	13	13	13	13	
13	17	13	13	13	13	13	
13	17	13	13	13	13	13	
13	17	13	13	13	13	13	
13	17	13	13	13	13	13	
13	17	13	13	13	13	13	
13	17	13	13	13	13	13	
13	17	13	13	13	13	13	
13	17	13	13	13	13	13	
13	17	13	13	13	13	13	
13	17	13	13	13	13	13	
13	17	13	13	13	13	13	
13	17	13	13	13	13	13	
13	17	13	13	13	13	13	
13	17	13	13	13	13	13	
13	17	13	13	13	13	13	
13	17	13	13	13	13	13	
13	17	13	13	13	13	13	
13	17	13	13	13	13	13	
13	17	13	13	13	13	13	
13	17	13	13	13	13	13	
13	17	13	13	13	13	13	
13	17	13	13	13	13	13	
15	15	15	15	15	15	15	
15	15	15	15	15	15	15	
15	15	15	15	15	15	15	
15	15	15	15	15	15	15	
15	15	15	15	15	15	15	
15	15	15	15	15	15	15	
15	15	15	15	15	15	15	
15	15	15	15	15	15	15	
15	15	15	15	15	15	15	
15	15	15	15	15	15	15	
0	0	0	0	0	0	0	
0	0	0	0	0	0	0	
0	0	0	0	0	0	0	
0	0	0	0	0	0	0	
15	15	15	15	15	15	15	
15	15	15	15	15	15	15	
15	15	15	15	15	15	15	
15	15	15	15	15	15	15	
15	15	15	15	15	15	15	
15	15	15	15	15	15	15	
15	15	15	15	15	15	15	
15	15	15	15	15	15	15	
15	15	15	15	15	15	15	
15	15	15	15	15	15	15	
15	15	15	15	15	15	15	
15	15	15	15	15	15	15	
10	10	10	10	10	10	10	
10	10	10	10	10	10	10	
10	10	10	10	10	10	10	
10	10	10	10	10	10	10	
10	10	10	10	10	10	10	
10	10	10	10	10	10	10	
10	10	10	10	10	10	10	
10	10	10	10	10	10	10	
10	10	10	10	10	10	10	
10	10	10	10	10	10	10	
10	10	10	10	10	10	10	
10	10	10	10	10	10	10	
10	10	10	10	10	10	10	
10	10	10	10	10	10	10	
10	10	10	10	10	10	10	
10	10	10	10	10	10	10	
10	10	10	10	10	10	10	
10	10	10	10	10	10	10	
10	10	10	10	10	10	10	
10	10	10	10	10	10	10	
10	10	10	10	10	10	10	
10	10	10	10	10	10	10	
10	10	10	10	10	10	10	
10	10	10	10	10	10	10	
10	10	10	10	10	10	10	
10	10	10	10	10	10	10	
10	10	10	10	10	10	10	
10	10	10	10	10	10	10	
10	10	10	10	10	10	10	
10	10	10	10	10	10	10	
10	10	10	10	10	10	10	
18	18	18	18	18	18	18	
18	18	18	18	18	18	18	
18	18	18	18	18	18	18	
18	18	18	18	18	18	18	
18	18	18	18	18	18	18	
18	18	18	18	18	18	18	
18	18	18	18	18	18	18	
18	18	18	18	18	18	18	
18	18	18	18	18	18	18	
18	18	18	18	18	18	18	
18	18	18	18	18	18	18	
18	18	18	18	18	18	18	
18	18	18	18	18	18	18	
18	18	18	18	18	18	18	
18	18	18	18	18	18	18	
18	18	18	18	18	18	18	
18	18	18	18	18	18	18	
18	18	18	18	18	18	18	
18	18	18	18	18	18	18	
18	18	18	18	18	18	18	
18	18	18	18	18	18	18	
0	0	0	0	0	0	0	
18	18	18	18	18	18	18	
18	18	18	18	18	18	18	
18	18	18	18	18	18	18	
18	18	18	18	18	18	18	
0	0	0	0	0	0	0	
18	18	25	25	25	25	25	
18	18	25	25	25	25	25	
18	18	25	25	25	25	25	
18	18	25	25	25	25	25	
18	18	25	25	25	25	25	
18	18	25	25	25	25	25	
18	18	25	25	25	25	25	
18	18	25	25	25	25	25	
18	18	25	25	25	25	25	
13	17	13	13	13	13	13	
13	17	13	13	13	13	13	
13	17	13	13	13	13	13	
13	17	13	13	13	13	13	
18	18	25	25	25	25	25	
18	18	25	25	25	25	25	
18	18	25	25	25	25	25	
18	18	25	25	25	25	25	
18	18	25	25	25	25	25	
18	18	25	25	25	25	25	
18	18	25	25	25	25	25	
17	17	25	25	25	25	25	
17	17	25	25	25	25	25	
17	17	25	25	25	25	25	
17	17	25	25	25	25	25	
17	17	25	25	25	25	25	
17	17	25	25	25	25	25	
17	17	25	25	25	25	25	
17	17	25	25	25	25	25	
17	17	25	25	25	25	25	
17	17	25	25	25	25	25	
17	17	17	17	17	17	17	
17	17	17	17	17	17	17	
17	17	17	17	17	17	17	
17	17	17	17	17	17	17	
17	17	17	17	17	17	17	
17	17	13	13	13	13	13	
13	17	13	13	13	13	13	
13	17	13	13	13	13	13	
13	17	13	13	13	13	13	
13	17	13	13	13	13	13	
13	17	13	13	13	13	13	
13	17	13	13	13	13	13	
13	17	13	13	13	13	13	
13	17	13	13	13	13	13	
17	17	13	13	13	13	13	
13	17	13	13	13	13	13	
17	17	13	13	13	13	13	
17	17	13	13	13	13	13	
13	17	13	13	13	13	13	
17	17	13	13	13	13	13	
13	17	13	13	13	13	13	
17	17	17	17	17	17	17	
13	17	13	13	13	13	13	
17	17	17	17	17	17	17	
17	17	17	17	17	17	17	
17	17	17	17	17	17	17	
17	17	17	17	17	17	17	
17	17	17	17	17	17	17	
17	17	17	17	17	17	17	
17	17	17	17	17	17	17	
17	17	17	17	17	17	17	
17	17	17	17	17	17	17	
17	17	17	17	17	17	17	
17	17	17	17	17	17	17	
17	17	17	17	17	17	17	
17	17	17	17	17	17	17	
17	17	17	17	17	17	17	
17	17	17	17	17	17	17	
17	17	17	17	17	17	17	
17	17	17	17	17	17	17	
17	17	17	17	17	17	17	
17	17	17	17	17	17	17	
17	17	17	17	17	13	13	
17	17	13	13	13	13	13	
13	17	13	13	13	13	13	
13	17	13	13	13	13	13	
13	17	13	13	13	13	13	
13	17	13	13	13	13	13	
13	17	13	13	13	13	13	
13	17	13	13	13	13	13	
13	17	13	13	13	13	13	
13	17	13	13	13	13	13	
13	17	13	13	13	13	13	
13	17	13	13	13	13	13	
13	17	13	13	13	13	13	
13	13	13	13	13	13	13	
13	17	13	13	13	13	13	
17	17	13	13	13	13	13	
17	17	17	17	17	17	17	
17	17	17	17	17	17	17	
17	12	17	17	17	17	17	
17	12	17	17	17	17	17	
17	12	17	17	17	17	17	
17	12	17	17	17	17	17	
17	12	17	17	17	17	17	
17	12	17	17	17	17	17	
17	12	17	17	17	17	17	
17	12	17	17	17	17	17	
17	12	17	17	17	17	17	
17	12	17	17	17	17	17	
17	12	17	17	17	17	17	
17	12	17	17	17	17	17	
17	12	17	17	17	17	17	
17	12	17	17	17	17	17	
17	12	17	17	17	17	17	
17	12	17	17	17	17	17	
17	12	17	17	17	17	17	
17	12	17	17	17	17	17	
12	12	12	12	12	12	12	
12	12	12	12	12	12	12	
12	12	12	12	12	12	12	
12	12	12	12	12	12	12	
12	12	12	12	12	12	12	
12	12	12	12	12	12	12	
12	12	12	12	12	12	12	
12	12	12	12	12	12	12	
12	12	12	12	12	12	12	
12	12	12	12	12	12	12	
12	12	12	12	12	12	12	
12	12	12	12	12	12	12	
12	12	12	12	12	12	12	
12	12	12	12	12	12	12	
12	12	12	12	12	12	12	
12	12	12	12	12	12	12	
12	12	12	12	12	12	12	
12	12	12	12	12	12	12	
12	12	12	12	12	12	12	
12	12	12	12	12	12	12	
12	12	12	12	12	12	12	
12	12	12	12	12	12	12	
12	12	12	12	12	12	12	
12	12	12	12	12	12	12	
12	12	12	12	12	12	12	
12	12	12	12	12	12	12	
12	12	12	12	12	12	12	
12	12	12	12	12	12	12	
12	12	12	12	12	12	12	
12	12	12	12	12	12	12	
12	12	12	12	12	12	12	
12	12	12	12	12	12	12	
12	12	12	12	12	12	12	
12	12	12	12	12	12	12	
12	12	12	12	12	12	12	
12	20	12	12	12	12	12	
20	20	20	20	20	20	20	
20	20	20	20	20	20	20	
20	20	20	20	20	20	20	
20	20	20	20	20	20	20	
20	20	20	20	20	20	20	
20	20	20	20	20	20	20	
20	20	20	20	20	20	20	
20	20	20	20	20	20	20	
20	20	20	20	20	20	20	
20	20	20	20	20	20	20	
20	20	20	20	20	20	20	
20	20	20	20	20	20	20	
20	20	20	20	20	20	20	
20	20	20	20	20	20	20	
20	20	20	20	20	20	20	
20	20	20	20	20	20	20	
20	20	20	20	20	20	20	
20	20	20	20	20	20	20	
20	20	20	20	20	20	20	
20	20	20	20	20	20	20	
20	20	20	20	20	20	20	
20	20	20	20	20	20	20	
20	20	20	20	20	20	20	
20	20	20	20	20	20	20	
20	20	20	20	20	20	20	
20	20	20	20	20	20	20	
20	20	20	20	20	20	20	
20	20	20	20	20	20	20	
20	20	20	20	20	20	20	
20	20	20	20	20	20	20	
20	20	20	20	20	20	20	
20	20	20	20	20	20	20	
20	20	20	20	20	20	20	
20	20	20	20	20	20	20	
20	20	20	20	20	20	20	
20	20	20	20	20	20	20	
20	20	20	20	20	20	20	
20	20	20	20	20	20	20	
20	20	20	20	20	20	20	
20	20	20	20	20	20	20	
20	20	20	20	20	20	20	
20	20	20	20	20	20	20	
20	20	20	20	20	20	20	
20	20	20	20	20	20	20	
20	20	20	20	20	20	20	
20	20	20	20	20	20	20	
20	20	20	20	20	20	20	
3	3	3	3	3	3	3	
3	3	3	3	3	3	3	
3	3	3	3	3	3	3	
3	3	3	3	3	3	3	
3	3	3	3	3	3	3	
3	3	3	3	3	3	3	
3	3	3	3	3	3	3	
3	3	3	3	3	3	3	
3	3	3	3	3	3	3	
3	3	3	3	3	3	3	
3	3	3	3	3	3	3	
3	3	3	3	3	3	3	
3	3	3	3	3	3	3	
3	3	3	3	3	3	3	
3	3	3	3	3	3	3	
3	3	3	3	3	3	3	
3	3	3	3	3	3	3	
3	3	3	3	3	3	3	
3	3	3	3	3	3	3	
3	3	3	3	3	3	3	
3	3	3	3	3	3	3	
3	3	3	3	3	3	3	
3	3	3	3	3	3	3	
3	3	3	3	3	3	3	
3	3	3	3	3	3	3	
3	3	3	3	3	3	3	
3	3	3	3	3	3	3	
3	3	3	3	3	3	3	
3	3	3	3	3	3	3	
3	3	3	3	3	3	3	
3	3	3	3	3	3	3	
3	3	3	3	3	3	3	
3	3	3	3	3	3	3	
3	3	3	3	3	3	3	
3	3	3	3	3	3	3	
3	3	3	3	3	3	3	
3	3	3	3	3	3	3	
3	3	3	3	3	3	3	
3	3	3	3	3	3	3	
3	3	3	3	3	3	3	
3	3	3	3	3	3	3	
3	3	3	3	3	3	3	
3	3	3	3	3	3	3	
3	3	3	3	3	3	3	
3	3	3	3	3	3	3	
3	3	3	3	3	3	3	
3	3	3	3	3	3	3	
3	3	3	3	3	3	3	
3	3	3	3	3	3	3	
3	3	3	3	3	3	3	
3	3	3	3	3	3	3	
7	7	7	7	7	7	7	
7	7	7	7	7	7	7	
7	7	7	7	7	7	7	
7	7	7	7	7	7	7	
7	7	7	7	7	7	7	
7	7	7	7	7	7	7	
7	7	7	7	7	7	7	
7	7	7	7	7	7	7	
7	7	7	7	7	7	7	
7	7	7	7	7	7	7	
7	7	7	7	7	7	7	
7	7	7	7	7	7	7	
7	7	7	7	7	7	7	
7	7	7	7	7	7	7	
7	7	7	7	7	7	7	
7	7	7	7	7	7	7	
7	7	7	7	7	7	7	
7	7	7	7	7	7	7	
7	7	7	7	7	7	7	
7	7	7	7	7	7	7	
6	6	6	6	6	6	6	
6	6	6	6	6	6	6	
6	6	6	6	6	6	6	
6	6	6	6	6	6	6	
6	6	6	6	6	6	6	
6	6	6	6	6	6	6	
6	6	6	6	6	6	6	
6	6	6	6	6	6	6	
6	6	6	6	6	6	6	
6	6	6	6	6	6	6	
6	6	6	6	6	6	6	
6	6	6	6	6	6	6	
6	6	6	6	6	6	6	
6	6	6	6	6	6	6	
6	6	6	6	6	6	6	
6	6	6	6	6	6	6	
5	5	5	5	5	5	8	
5	5	5	5	5	5	8	
5	5	5	5	5	5	8	
5	5	5	5	5	5	8	
5	5	5	5	5	5	8	
5	5	5	5	5	5	8	
5	5	5	5	5	5	8	
5	5	5	5	5	5	5	
5	5	5	5	5	5	8	
5	5	5	5	5	5	8	
5	5	5	5	5	5	5	
5	5	5	5	5	5	5	
5	5	5	5	5	5	5	
5	5	5	5	5	5	5	
5	5	5	5	5	5	5	
5	5	5	5	5	5	5	
5	5	5	5	5	5	5	
5	5	5	5	5	5	5	
5	5	5	5	5	5	5	
5	5	5	5	5	5	5	
5	5	5	5	5	5	5	
5	5	5	5	5	5	5	
5	5	5	5	5	5	5	
5	5	5	5	5	5	5	
5	5	5	5	5	5	5	
5	5	5	5	5	5	5	
5	5	5	5	5	5	5	
5	5	5	5	5	5	5	
5	5	5	5	5	5	8	
5	5	5	5	5	5	8	
5	5	5	5	5	5	8	
5	5	5	5	5	5	8	
5	5	5	5	5	5	8	
5	5	5	5	5	5	8	
8	8	8	8	8	8	8	
8	8	8	8	8	8	8	
8	8	8	8	8	8	29	
8	8	8	8	8	8	29	
8	8	8	8	8	8	29	
8	8	8	8	8	8	29	
8	8	8	8	8	8	29	
8	8	8	8	8	8	29	
8	8	8	8	8	8	29	
8	8	8	8	8	8	29	
8	8	8	8	8	8	29	
8	8	8	8	8	8	29	
8	8	8	8	8	8	29	
8	8	8	8	8	8	29	
8	8	8	8	8	8	29	
8	8	8	8	8	8	29	
8	8	8	8	8	8	29	
8	8	8	8	8	8	29	
8	8	8	8	8	8	29	
8	8	8	8	8	8	29	
8	8	8	8	8	8	29	
8	8	8	8	8	8	29	
8	8	8	8	8	8	29	
8	8	8	8	8	8	29	
8	8	8	8	8	8	29	
8	8	8	8	8	8	29	
8	8	8	8	8	8	29	
8	8	8	8	8	8	29	
8	8	8	8	8	8	29	
8	8	8	8	8	8	29	
8	8	8	8	8	8	29	
8	8	8	8	8	8	29	
8	8	8	8	8	8	29	
8	8	8	8	8	8	29	
8	8	8	8	8	8	29	
8	8	8	8	8	8	29	
8	8	8	8	8	8	29	
8	8	8	8	8	8	29	
8	8	8	8	8	8	29	
8	8	8	8	8	8	29	
8	8	8	8	8	8	29	
8	8	8	8	8	8	29	
8	8	8	8	8	8	29	
8	8	8	8	8	8	29	
8	8	8	8	8	8	29	
8	8	8	8	8	8	29	
8	8	8	8	8	8	29	
8	8	8	8	8	8	29	
8	8	8	8	8	8	29	
8	8	8	8	8	8	29	
19	19	19	19	19	19	19	
19	19	19	19	19	19	19	
19	19	19	19	19	19	19	
19	19	19	19	19	19	19	
19	19	19	19	19	19	19	
19	19	19	19	19	19	19	
19	19	19	19	19	19	19	
19	19	19	19	19	19	19	
19	19	19	19	19	19	19	
19	19	19	19	19	19	19	
19	19	19	19	19	19	19	
19	19	19	19	19	19	19	
19	19	19	19	19	19	19	
19	19	19	19	19	19	19	
19	19	19	19	19	19	19	
19	19	19	19	19	19	19	
19	19	19	19	19	19	19	
19	19	19	19	19	19	19	
19	19	19	19	19	19	19	
19	19	19	19	19	19	19	
19	19	19	19	19	19	19	
19	19	19	19	19	19	19	
19	19	19	19	19	19	19	
19	19	19	19	19	19	19	
19	19	19	19	19	19	19	
19	19	19	19	19	19	19	
19	19	19	19	19	19	19	
19	19	19	19	19	19	19	
19	19	19	19	19	19	19	
19	19	19	19	19	19	19	
19	19	19	19	19	19	19	
19	19	19	19	19	19	19	
19	19	19	19	19	19	19	
19	19	19	19	19	19	19	
19	19	19	19	19	19	19	
19	19	19	19	19	19	19	
19	19	19	19	19	19	19	
19	19	19	19	19	19	19	
19	19	19	19	19	19	19	
19	19	19	19	19	19	19	
19	19	19	19	19	19	19	
19	19	19	19	19	19	19	
19	19	19	19	19	19	19	
19	19	19	19	19	19	19	
19	19	19	19	19	19	19	
19	19	19	19	19	19	19	
19	19	19	19	19	19	19	
19	19	19	19	19	19	19	
19	19	19	19	19	19	19	
19	19	19	19	19	19	19	
19	19	19	19	19	19	19	
19	19	19	19	19	19	19	
19	19	19	19	19	19	19	
21	21	21	21	21	21	21	
21	21	21	21	21	21	21	
21	21	21	21	21	21	21	
21	21	21	21	21	21	21	
21	21	21	21	21	21	21	
21	21	21	21	21	21	21	
21	21	21	21	21	21	21	
21	21	21	21	21	21	21	
21	21	21	21	21	21	21	
21	21	21	21	21	21	21	
21	21	21	21	21	21	21	
21	21	21	21	21	21	21	
21	21	21	21	21	21	21	
21	21	21	21	21	21	21	
21	21	21	21	21	21	21	
21	21	21	21	21	21	21	
21	21	21	21	21	21	21	
21	21	21	21	21	21	21	
21	21	21	21	21	21	21	
21	21	21	21	21	21	21	
21	21	21	21	21	21	21	
21	21	21	21	21	21	21	
21	21	21	21	21	21	21	
21	21	21	21	21	21	21	
21	21	21	21	21	21	21	
21	21	21	21	21	21	21	
21	21	21	21	21	21	21	
21	21	21	21	21	21	21	
21	21	21	21	21	21	21	
21	21	21	21	21	21	21	
21	21	21	21	21	21	21	
21	21	21	21	27	27	27	
11	11	11	11	27	27	27	
11	11	11	11	27	27	27	
11	11	11	11	27	27	27	
11	11	11	11	27	27	27	
11	11	11	11	27	27	27	
11	11	11	11	27	27	27	
11	11	11	11	27	27	27	
11	11	11	11	27	27	27	
11	11	11	11	27	27	27	
11	11	11	11	27	27	27	
11	11	11	11	27	27	27	
11	11	11	11	27	27	27	
11	11	11	11	27	27	27	
11	11	11	11	27	27	27	
11	11	11	11	27	27	27	
11	11	11	11	27	27	27	
11	11	11	11	27	27	27	
11	11	11	11	27	27	27	
11	11	11	11	27	27	27	
11	11	11	11	11	11	11	
11	11	11	11	11	11	11	
11	11	11	11	11	11	11	
11	11	11	11	11	11	11	
11	11	11	11	11	11	11	
11	11	11	11	11	11	11	
11	11	11	11	11	11	11	
11	11	11	11	11	11	11	
11	11	11	11	11	11	11	
11	11	11	11	11	11	11	
11	11	11	11	11	11	11	
11	11	11	11	11	11	11	
11	11	11	11	11	11	11	
11	11	11	11	11	11	11	
11	11	11	11	11	11	11	
23	23	23	23	11	11	11	
23	23	23	23	11	11	11	
23	23	23	23	11	11	11	
23	23	23	23	11	11	11	
23	23	23	23	23	23	23	
23	23	23	23	23	23	23	
23	23	23	23	23	23	23	
23	23	23	23	23	23	23	
23	23	23	23	23	23	23	
23	23	23	23	23	23	23	
23	23	23	23	23	23	23	
23	23	23	23	23	23	23	
23	23	23	23	23	23	23	
23	23	23	23	23	23	23	
23	23	23	23	23	23	23	
23	23	23	23	23	23	23	
23	23	23	23	23	23	23	
23	23	23	23	23	23	23	
23	23	23	23	23	23	23	
23	23	23	23	23	23	23	
23	23	23	23	23	23	23	
23	23	23	23	23	23	23	
23	23	23	23	23	23	23	
23	23	23	23	23	23	23	
23	23	23	23	23	23	23	
23	23	23	23	23	23	23	
23	23	23	23	23	23	23	
23	23	23	23	23	23	23	
23	23	23	23	23	23	23	
23	23	23	23	23	23	23	
4	4	4	4	4	4	4	
4	4	4	4	4	4	4	
4	4	4	4	4	4	4	
4	4	4	4	4	4	4	
4	4	4	4	4	4	4	
4	4	4	4	4	4	4	
4	4	4	4	4	4	4	
4	4	4	4	4	4	4	
4	4	4	4	4	4	4	
4	4	4	4	4	4	4	
4	4	4	4	4	4	4	
4	4	4	4	4	4	4	
4	4	4	4	4	4	4	
4	4	4	4	4	4	4	
4	4	4	4	4	4	4	
4	4	4	4	4	4	4	
4	4	4	4	4	4	4	
4	4	4	4	4	4	4	
4	4	4	4	4	4	4	
4	4	4	4	4	4	4	
4	4	4	4	4	4	4	
4	4	4	4	4	4	4	
4	4	4	4	4	4	4	
4	4	4	4	4	4	4	
4	4	4	4	4	4	4	
4	4	4	4	4	4	4	
4	4	4	4	4	4	4	
4	4	4	4	4	4	4	
4	4	4	4	4	4	4	
4	4	4	4	4	4	4	
4	4	4	4	4	4	4	
4	4	4	4	4	4	4	
4	4	4	4	4	4	4	
4	4	4	4	4	4	4	
4	4	4	4	4	4	4	
4	4	4	4	4	4	4	
4	4	4	4	4	4	4	
4	4	4	4	4	4	4	
4	4	4	4	4	4	4	
4	4	4	4	4	4	4	
4	4	4	4	4	4	4	
4	4	4	4	4	4	4	
4	4	4	4	4	4	4	
4	4	4	4	4	4	4	
4	4	4	4	4	4	4	
4	4	4	4	4	4	4	
4	4	4	4	4	4	4	
4	4	4	4	4	4	4	
4	4	4	4	4	4	4	
4	4	4	4	4	4	4	
4	4	4	4	4	4	4	
4	4	4	4	4	4	4	
4	4	4	4	4	4	4	
4	4	4	4	4	4	4	
4	4	4	4	4	4	4	
4	4	4	4	4	4	4	
4	4	4	4	4	4	4	
4	4	4	4	4	4	4	
4	4	4	4	4	4	4	
4	4	4	4	4	4	4	
4	4	4	4	4	4	4	
4	4	4	4	4	4	4	
4	4	4	4	4	4	4	
4	4	4	4	4	4	4	
4	4	4	4	4	4	4	
4	4	4	4	4	4	4	
4	4	4	4	4	4	4	
4	4	4	4	4	4	4	
4	4	4	4	4	4	4	
4	4	4	4	4	4	4	
4	4	4	4	4	4	4	
4	4	4	4	4	4	4	
0	0	0	0	0	0	0	
0	0	0	0	0	0	0	
0	0	0	0	0	0	0	
0	0	0	0	0	0	0	
0	0	0	0	0	0	0	
0	0	0	0	0	0	0	
0	0	0	0	0	0	0	
0	0	0	0	0	0	0	
0	0	0	0	0	0	0	
0	0	0	0	0	0	0	
0	0	0	0	0	0	0	
0	0	0	0	0	0	0	
0	0	0	0	0	0	0	
0	0	0	0	0	0	0	
0	0	0	0	0	0	0	
0	0	0	0	0	0	0	
0	0	0	0	0	0	0	
0	0	0	0	0	0	0	
0	0	0	0	0	0	0	
0	0	0	0	0	0	0	
0	0	0	0	0	0	0	
0	0	0	0	0	0	0	
0	0	0	0	0	0	0	
0	0	0	0	0	0	0	
0	0	0	0	0	0	0	
0	0	0	0	0	0	0	
0	0	0	0	0	0	0	
0	0	0	0	0	0	0	
0	0	0	0	0	0	0	
0	0	0	0	0	0	0	
0	0	0	0	0	0	0	
0	0	0	0	0	0	0	
0	0	0	0	0	0	0	
0	0	0	0	0	0	0	
0	0	0	0	0	0	0	
0	0	0	0	0	0	0	
0	0	0	0	0	0	0	
0	0	0	0	0	0	0	
0	0	0	0	0	0	0	
0	0	0	0	0	0	0	
0	0	0	0	0	0	0	
0	0	0	0	0	0	0	
0	0	0	0	0	0	0	
0	0	0	0	0	0	0	
0	0	0	0	0	0	0	
0	0	0	0	0	0	0	
0	0	0	0	0	0	0	
0	0	0	0	0	0	0	
0	0	0	0	0	0	0	
0	0	0	0	0	0	0	
0	0	0	0	0	0	0	
0	0	0	0	0	0	0	
0	0	0	0	0	0	0	
0	0	0	0	0	0	0	
0	0	0	0	0	0	0	
0	0	0	0	0	0	0	
0	0	0	0	0	0	0	
0	0	0	0	0	0	0	
0	0	0	0	0	0	0	
0	0	0	0	0	0	0	
0	0	0	0	0	0	0	
0	0	0	0	0	0	0	
0	0	0	0	0	0	0	
0	0	0	0	0	0	0	
0	0	0	0	0	0	0	
0	0	0	0	0	0	0	
0	0	0	0	0	0	0	
0	0	0	0	0	0	0	
0	0	0	0	0	0	0	
0	0	0	0	0	0	0	
0	0	0	0	0	0	0	
0	0	0	0	0	0	0	
0	0	0	0	0	0	0	
0	0	0	0	0	0	0	
0	0	0	0	0	0	0	
0	0	0	0	0	0	0	
0	0	0	0	0	0	0	
0	0	0	0	0	0	0	
0	0	0	0	0	0	0	
0	0	0	0	0	0	0	
0	0	0	0	0	0	0	
0	0	0	0	0	0	0	
0	0	0	0	0	0	0	
0	0	0	0	0	0	0	
0	0	0	0	0	0	0	
0	0	0	0	0	0	0	
0	0	0	0	0	0	0	
0	0	0	0	0	0	0	
0	0	0	0	0	0	0	
0	0	0	0	0	0	0	
0	0	0	0	0	0	0	
0	0	0	0	0	0	0	
0	0	0	0	0	0	0	
0	0	0	0	0	0	0	
0	0	0	0	0	0	0	
0	0	0	0	0	0	0	
0	0	0	0	0	0	0	
0	0	0	0	0	0	0	
0	0	0	0	0	0	0	
0	0	0	0	0	0	0	
0	0	0	0	0	0	0	
0	0	0	0	0	0	0	
0	0	0	0	0	0	0	
0	0	0	0	0	0	0	
0	0	0	0	0	0	0	
0	0	0	0	0	0	0	
0	0	0	0	0	0	0	
0	0	0	0	0	0	0	
0	0	0	0	0	0	0	
0	0	0	0	0	0	0	
0	0	0	0	0	0	0	
0	0	0	0	0	0	0	
0	0	0	0	0	0	0	
0	0	0	0	0	0	0	
0	0	0	0	0	0	0	
0	0	0	0	0	0	0	
0	0	0	0	0	0	0	
0	0	0	0	0	0	0	
0	0	0	0	0	0	0	
0	0	0	0	0	0	0	
0	0	0	0	0	0	0	
0	0	0	0	0	0	0	
0	0	0	0	0	0	0	
0	0	0	0	0	0	0	
0	0	0	0	0	0	0	
0	0	0	0	0	0	0	
0	0	0	0	0	0	0	
0	0	0	0	0	0	0	
0	0	0	0	0	0	0	
0	0	0	0	0	0	0	
0	0	0	0	0	0	0	
0	0	0	0	0	0	0	
0	0	0	0	0	0	0	
0	0	0	0	0	0	0	
0	0	0	0	0	0	0	
0	0	0	0	0	0	0	
0	0	0	0	0	0	0	
0	0	0	0	0	0	0	
0	0	0	0	0	0	0	
0	0	0	0	0	0	0	
0	0	0	0	0	0	0	
0	0	0	0	0	0	0	
0	0	0	0	0	0	0	
0	0	0	0	0	0	0	
0	0	0	0	0	0	0	
0	0	0	0	0	0	0	
0	0	0	0	0	0	0	
0	0	0	0	0	0	0	
0	0	0	0	0	0	0	
0	0	0	0	0	0	0	
0	0	0	0	0	0	0	
0	0	0	0	0	0	0	
0	0	0	0	0	0	0	
0	0	0	0	0	0	0	
0	0	0	0	0	0	0	
0	0	0	0	0	0	0	
0	0	0	0	0	0	0	
0	0	0	0	0	0	0	
0	0	0	0	0	0	0	
0	0	0	0	0	0	0	
0	0	0	0	0	0	0	
0	0	0	0	0	0	0	
0	0	0	0	0	0	0	
0	0	0	0	0	0	0	
0	0	0	0	0	0	0	
0	0	0	0	0	0	0	
0	0	0	0	0	0	0	
0	0	0	0	0	0	0	
0	0	0	0	0	0	0	
0	0	0	0	0	0	0	
0	0	0	0	0	0	0	
0	0	0	0	0	0	0	
0	0	0	0	0	0	0	
0	0	0	0	0	0	0	
0	0	0	0	0	0	0	
0	0	0	0	0	0	0	
0	0	0	0	0	0	0	
0	0	0	0	0	0	0	
0	0	0	0	0	0	0	
0	0	0	0	0	0	0	
1	0	0	1	1	1	1	
1	1	1	1	1	1	1	
1	1	1	1	1	1	1	
1	1	1	1	1	1	1	
1	1	1	1	1	1	1	
1	1	1	1	1	1	1	
1	1	1	1	1	1	1	
1	1	1	1	1	1	1	
1	1	1	1	1	1	1	
1	1	1	1	1	1	1	
1	1	1	1	1	1	1	
1	1	1	1	1	1	1	
1	1	1	1	1	1	1	
1	1	1	1	1	1	1	
1	1	1	1	1	1	1	
1	1	1	1	1	1	1	
1	1	1	1	1	1	1	
1	1	1	1	1	1	1	
1	1	1	1	1	1	1	
1	1	1	1	1	1	1	
1	1	1	1	1	1	1	
1	1	1	1	1	1	1	
1	1	1	1	1	1	1	
1	1	1	1	1	1	1	
1	1	1	1	1	1	1	
1	1	1	1	1	1	1	
1	1	1	1	1	1	1	
1	1	1	1	1	1	1	
1	1	1	1	1	1	1	
1	1	1	1	1	1	1	
1	1	1	1	1	1	1	
1	1	1	1	1	1	1	
1	1	1	1	1	1	1	
1	1	1	1	1	1	1	
1	1	1	1	1	1	1	
1	1	1	1	1	1	1	
1	1	1	1	1	1	1	
1	1	1	1	1	1	1	
1	1	1	1	1	1	1	
1	1	1	1	1	1	1	
1	1	1	1	1	1	1	
1	1	1	1	1	1	1	
1	1	1	1	1	1	1	
1	1	1	1	1	1	1	
1	1	1	1	1	1	1	
1	1	1	1	1	1	1	
1	1	1	1	1	1	1	
1	1	1	1	1	1	1	
1	1	1	1	1	1	1	
1	1	1	1	1	1	1	
1	1	1	1	1	1	1	
1	1	1	1	1	1	1	
1	1	1	1	1	1	1	
1	1	1	1	1	1	1	
1	1	1	1	1	1	1	
13	17	13	13	13	13	13	
13	17	13	13	13	13	13	
13	17	13	13	13	13	13	
13	17	13	13	13	13	13	
13	17	13	13	13	13	13	
13	17	13	13	13	13	13	
13	17	13	13	13	13	13	
13	17	13	13	13	13	13	
13	17	13	13	13	13	13	
13	17	13	13	13	13	13	
13	17	13	13	13	13	13	
13	17	13	13	13	13	13	
13	17	13	13	13	13	13	
13	17	13	13	13	13	13	
13	17	13	13	13	13	13	
13	17	13	13	13	13	13	
13	17	13	13	13	13	13	
13	17	13	13	13	13	13	
13	17	13	13	13	13	13	
13	17	13	13	13	13	13	
13	17	13	13	13	13	13	
13	17	13	13	13	13	13	
13	17	13	13	13	13	13	
13	17	13	13	13	13	13	
13	17	13	13	13	13	13	
13	17	13	13	13	13	13	
13	17	13	13	13	13	13	
13	17	13	13	13	13	13	
1	1	1	13	13	13	13	
13	17	13	13	13	13	13	
1	1	1	1	1	1	1	
1	1	1	1	1	1	1	
1	1	1	1	1	1	1	
1	1	1	1	1	1	1	
1	1	1	1	1	1	1	
1	1	1	1	1	1	1	
1	1	1	1	1	1	1	
1	1	1	1	1	1	1	
1	1	1	1	1	1	1	
1	1	1	26	26	26	26	
1	1	1	26	26	26	26	
1	1	1	26	26	26	26	
1	1	1	26	26	26	26	
1	1	1	26	26	26	26	
1	1	1	26	26	26	26	
1	1	1	26	26	26	26	
1	1	1	26	26	26	26	
1	1	1	26	26	26	26	
1	1	1	26	26	26	26	
1	1	1	26	26	26	26	
1	1	1	26	26	26	26	
1	1	1	26	26	26	26	
1	1	1	26	26	26	26	
1	1	1	26	26	26	26	
1	1	1	26	26	26	26	
1	1	1	26	26	26	26	
1	1	1	26	26	26	26	
1	1	1	26	26	26	26	
1	1	1	26	26	26	26	
1	1	1	26	26	26	26	
1	1	1	26	26	26	26	
1	1	1	26	26	26	26	
1	1	1	26	26	26	26	
1	1	1	26	26	26	26	
1	1	1	26	26	26	26	
1	1	1	26	26	26	26	
1	1	1	26	26	26	26	
1	1	1	26	26	26	26	
1	1	1	26	26	26	26	
1	1	1	26	26	26	26	
1	1	1	26	26	26	26	
1	1	1	26	26	26	26	
1	14	1	26	26	26	26	
1	1	1	26	26	26	26	
14	14	14	26	26	26	26	
14	14	14	26	26	26	26	
14	14	14	26	26	26	26	
14	14	14	26	26	26	26	
14	14	14	26	26	26	26	
14	14	14	14	14	14	14	
14	14	14	14	14	14	14	
14	14	14	14	14	14	14	
14	14	14	14	14	14	14	
14	14	14	14	14	14	14	
14	14	14	14	14	14	14	
14	14	14	14	14	14	14	
14	14	14	14	14	14	14	
14	14	14	14	14	14	14	
14	14	14	14	14	14	14	
14	14	14	14	14	14	14	
14	14	14	14	14	14	14	
14	14	14	14	14	14	14	
14	14	14	14	14	14	14	
14	14	14	14	14	14	14	
14	14	14	14	14	14	14	
14	14	14	14	14	14	14	
14	14	14	14	14	14	14	
14	14	14	14	14	14	14	
14	14	14	14	14	14	14	
14	14	14	14	14	14	14	
14	14	14	14	14	14	14	
14	14	14	14	14	14	14	
14	14	14	14	14	14	14	
14	14	14	14	14	14	14	
14	14	14	14	14	14	14	
14	14	14	14	14	14	14	
14	14	14	14	14	14	14	
14	14	14	14	14	14	14	
14	14	14	14	14	14	14	
14	14	14	14	14	14	14	
14	14	14	14	14	14	14	
14	14	14	14	14	14	14	
14	14	14	14	14	14	14	
14	14	14	14	14	14	14	
14	14	14	14	14	14	14	
14	14	14	14	14	14	14	
14	14	14	14	14	14	14	
14	14	14	14	14	14	14	
14	14	14	14	14	14	14	
14	14	14	14	14	14	14	
14	14	14	14	14	14	14	
14	14	14	14	14	14	14	
14	14	14	14	14	14	14	
14	14	14	14	14	14	14	
14	14	14	14	14	14	14	
14	14	14	14	14	14	14	
14	14	14	14	14	14	14	
14	14	14	14	14	14	14	
14	14	14	14	14	14	14	
14	14	14	14	14	14	14	
14	14	14	14	14	14	14	
14	14	14	14	14	14	14	
14	14	14	14	14	14	14	
14	14	14	14	14	14	14	
14	14	14	14	14	14	14	
14	14	14	14	14	14	14	
14	14	14	14	14	14	14	
14	14	14	14	14	14	14	
14	14	14	14	14	14	14	
14	14	14	14	14	14	14	
14	14	14	14	14	14	14	
14	14	14	14	14	14	14	
14	14	14	14	14	14	14	
14	14	14	14	14	14	14	
14	14	14	14	14	14	14	
14	14	14	14	14	14	14	
14	14	14	14	14	14	14	
14	14	14	14	14	14	14	
14	14	14	14	14	14	14	
14	14	14	14	14	14	14	
14	14	14	14	14	14	14	
14	14	14	14	14	14	14	
14	14	14	14	14	14	14	
14	14	14	14	14	14	14	
14	14	14	14	14	14	14	
14	14	14	14	14	14	14	
14	14	14	14	14	14	14	
14	14	14	14	14	14	14	
14	14	14	14	14	14	14	
14	14	14	14	14	14	14	
14	14	14	14	14	14	14	
14	14	14	14	14	14	14	
14	14	14	14	14	14	14	
14	14	14	14	14	14	14	
14	14	14	14	14	14	14	
14	14	14	14	14	14	14	
14	14	14	14	14	14	14	
14	14	14	14	14	14	14	
14	14	14	14	14	14	14	
14	14	14	14	14	14	14	
14	14	14	14	14	14	14	
14	14	14	14	14	14	14	
14	14	14	14	14	14	14	
14	14	14	14	14	14	14	
14	14	14	14	14	14	14	
14	14	14	14	14	2	2	
14	14	14	14	14	2	2	
14	14	14	14	14	2	2	
14	14	14	14	14	2	2	
13	14	13	13	13	2	2	
14	14	14	14	14	2	2	
13	14	13	13	13	2	2	
13	14	13	13	13	2	2	
13	14	13	13	13	2	2	
13	14	13	13	13	2	2	
13	14	13	13	13	2	2	
13	14	13	13	13	2	2	
13	14	13	13	13	2	2	
13	14	13	13	13	2	2	
13	14	13	13	13	2	2	
13	14	13	13	13	2	2	
13	14	13	13	13	2	2	
13	14	13	13	13	2	2	
13	14	13	13	13	2	2	
13	14	13	13	13	2	2	
13	14	13	13	13	2	2	
13	14	13	13	13	2	2	
13	14	13	13	13	2	2	
13	14	13	13	13	2	2	
13	14	13	13	13	2	2	
13	14	13	13	13	2	2	
13	14	13	13	13	2	2	
13	14	13	13	13	2	2	
13	14	13	13	13	2	2	
13	14	13	13	13	2	2	
13	17	13	13	13	2	2	
2	2	2	2	2	2	2	
13	2	13	13	13	2	2	
2	2	2	2	2	2	2	
2	2	2	2	2	2	2	
13	2	13	13	13	2	2	
2	2	2	2	2	2	2	
2	2	2	2	2	2	2	
2	2	2	2	2	2	2	
2	2	2	2	2	2	2	
2	2	2	2	2	2	2	
2	2	2	2	2	2	2	
2	2	2	2	2	2	2	
2	2	2	2	2	2	2	
2	2	2	2	2	2	2	
2	2	2	2	2	2	2	
2	2	2	2	2	28	28	
2	2	2	2	2	28	28	
2	2	2	2	2	28	28	
2	2	2	2	2	28	28	
2	2	2	2	2	28	28	
2	2	2	2	2	28	28	
2	2	2	2	2	28	28	
2	2	2	2	2	28	28	
2	2	2	2	2	28	28	
2	2	2	2	2	28	28	
2	2	2	2	2	28	28	
2	2	2	2	2	28	28	
2	2	2	2	2	28	28	
2	2	2	2	2	28	28	
2	2	2	2	2	28	28	
2	2	2	2	2	28	28	
2	2	2	2	2	28	28	
2	2	2	2	2	28	28	
2	2	2	2	2	28	28	
2	2	2	2	2	28	28	
2	2	2	2	2	28	28	
2	2	2	2	2	28	28	
2	2	2	2	2	28	28	
2	2	2	2	2	28	28	
2	2	2	2	2	28	28	
2	2	2	2	2	28	28	
2	2	2	2	2	28	28	
2	2	2	2	2	28	28	
2	2	2	2	2	28	28	
2	2	2	2	2	28	28	
2	2	2	2	2	28	28	
2	2	2	2	2	28	28	
2	2	2	2	2	28	28	
2	2	2	2	2	28	28	
2	2	2	2	2	28	28	
2	2	2	2	2	28	28	
2	2	2	2	2	28	28	
2	2	2	2	2	28	28	
2	2	2	2	2	28	28	
2	2	2	2	2	28	28	
2	2	2	2	2	28	28	
2	2	2	2	2	28	28	
2	2	2	2	2	28	28	
2	2	2	2	2	28	28	
2	2	2	2	2	28	28	
2	2	2	2	2	28	28	
2	2	2	2	2	28	28	
2	2	2	2	2	28	28	
2	2	2	2	2	28	28	
2	2	2	2	2	28	28	
2	2	2	2	2	28	28	
2	2	2	2	2	28	28	
2	2	2	2	2	28	28	
2	2	2	2	2	28	28	
2	2	2	2	2	28	28	
2	2	2	2	2	28	28	
2	2	2	2	2	28	28	
2	2	2	2	2	28	28	
9	9	9	9	9	9	9	
9	9	9	9	9	9	9	
9	9	9	9	9	9	9	
9	9	9	9	9	9	9	
9	9	9	9	9	9	9	
9	9	9	9	9	9	9	
9	9	9	9	9	9	9	
9	9	9	9	9	9	9	
9	9	9	9	9	9	9	
9	9	9	9	9	9	9	
9	9	9	9	9	9	9	
9	9	9	9	9	9	9	
9	9	9	9	9	9	9	
9	9	9	9	9	9	9	
9	9	9	9	9	9	9	
9	9	9	9	9	9	9	
9	9	9	9	9	9	9	
9	9	9	9	9	9	9	
9	9	9	9	9	9	9	
9	9	9	9	9	9	9	
9	9	9	9	9	9	9	
9	9	9	9	9	9	9	
9	9	9	9	9	9	9	
9	9	9	9	9	9	9	
9	9	9	9	9	9	9	
9	9	9	9	9	9	9	
9	9	9	9	9	9	9	
9	9	9	9	9	9	9	
9	9	9	9	9	9	9	
9	9	9	9	9	9	9	
9	9	9	9	9	9	9	
9	9	9	9	9	9	9	
9	9	9	9	9	9	9	
9	9	9	9	9	9	9	
9	9	9	9	9	9	9	
9	9	9	9	9	9	9	
9	9	9	9	9	9	9	
9	9	9	9	9	9	9	
9	9	9	9	9	9	9	
9	9	9	9	9	9	9	
9	9	9	9	9	9	9	
9	9	9	9	9	9	9	
9	9	9	9	9	9	9	
9	9	9	9	9	9	9	
9	9	9	9	9	9	9	
9	9	9	9	9	9	9	
9	9	9	9	9	9	9	
9	9	9	9	9	9	9	
9	9	9	9	9	9	9	
9	9	9	9	9	9	9	
9	9	9	9	9	9	9	
9	9	9	9	9	9	9	
9	9	9	9	9	9	9	
9	9	9	9	9	9	9	
9	9	9	9	9	9	9	
9	9	9	9	9	9	9	
9	9	9	9	9	9	9	
9	9	9	9	9	9	9	
9	9	9	9	9	9	9	
9	9	9	9	9	9	9	
9	9	9	9	9	9	9	
9	9	9	9	9	9	9	
9	9	9	9	9	9	9	
9	9	9	9	9	9	9	
9	9	9	9	9	9	9	
9	9	9	9	9	9	9	
9	9	9	9	9	9	9	
9	9	9	9	9	9	9	
9	9	9	9	9	9	9	
9	9	9	9	9	9	9	
9	9	9	9	9	9	9	
9	9	9	9	9	9	9	
9	9	9	9	9	9	9	
9	9	9	9	9	9	9	
9	9	9	9	9	9	9	
9	9	9	9	9	9	9	
9	9	9	9	9	9	9	
9	9	9	9	9	9	9	
9	9	9	9	9	9	9	
9	9	9	9	9	9	9	
22	24	24	24	24	24	24	
22	24	24	24	24	24	24	
22	24	24	24	24	24	24	
22	24	24	24	24	24	24	
22	24	24	24	24	24	24	
22	24	24	24	24	24	24	
22	24	24	24	24	24	24	
22	24	24	24	24	24	24	
22	24	24	24	24	24	24	
22	24	24	24	24	24	24	
22	24	24	24	24	24	24	
22	24	24	24	24	24	24	
22	24	24	24	24	24	24	
22	24	24	24	24	24	24	
22	24	24	24	24	24	24	
22	24	24	24	24	24	24	
22	24	24	24	24	24	24	
22	24	24	24	24	24	24	
22	24	24	24	24	24	24	
22	24	24	24	24	24	24	
22	24	24	24	24	24	24	
22	24	24	24	24	24	24	
22	24	24	24	24	24	24	
22	24	24	24	24	24	24	
22	24	24	24	24	24	24	
22	24	24	24	24	24	24	
22	24	24	24	24	24	24	
22	24	24	24	24	24	24	
22	24	24	24	24	24	24	
22	24	24	24	24	24	24	
22	24	24	24	24	24	24	
22	24	24	24	24	24	24	
