78,89
90,103
104,125
126,130
131,135
136,150
151,156
174,177
184,188
193,204
210,216
217,220
221,229
230,234
237,240
244,248
249,262
264,272
275,284
285,295
296,305
307,314
315,326
346,351
356,378
380,393
394,399
404,407
409,420
434,437
438,445
446,452
456,463
465,469
473,476
485,490
493,499
514,526
534,539
540,547
550,563
565,569
571,574
586,597
598,606
607,614
615,621
622,635
636,649
650,656
657,665
666,673
677,680
684,692
693,699
700,708
709,712
713,718
721,729
730,743
744,751
753,758
759,766
770,778
779,782
787,816
820,829
830,844
845,852
853,869
870,875
876,886
892,902
903,907
908,913
914,923
924,931
932,936
951,958
963,971
978,988
990,999
1009,1020
1022,1026
1029,1039
1040,1043
1046,1055
1057,1060
1061,1069
1074,1077
1078,1085
1086,1094
1095,1107
1108,1115
1116,1122
1123,1132
1134,1138
1148,1157
1159,1165
1166,1178
1179,1188
1189,1196
1197,1207
1208,1214
1215,1227
1228,1239
1240,1252
1254,1260
1261,1274
1275,1282
1283,1297
1301,1316
1318,1329
1332,1339
1340,1350
1351,1362
1364,1367
1368,1376
1380,1388
1404,1410
1411,1419
1420,1429
1430,1438
1439,1445
1450,1467
1468,1476
1478,1481
1482,1491
1493,1510
1512,1520
1526,1531
1536,1551
1563,1572
1573,1580
1583,1596
1598,1605
1606,1615
1616,1624
1625,1633
1634,1642
1644,1647
1649,1655
1656,1662
1665,1671
1678,1691
1692,1703
1704,1714
1715,1731
1732,1738
1739,1746
1747,1769
1770,1776
1777,1784
1785,1797
1798,1806
1808,1815
1816,1823
1824,1829
1830,1841
1843,1852
1853,1856
1857,1863
1868,1874
1875,1895
1896,1899
1900,1909
1910,1920
1921,1964
1965,1972
1976,1984
1985,1988
1989,2000
2001,2006
2007,2012
2013,2017
2020,2024
2026,2036
2037,2041
2044,2054
2055,2059
2061,2064
2065,2081
2086,2092
2093,2101
2102,2115
2116,2121
2122,2127
2128,2138
2139,2151
2152,2162
2165,2172
2173,2183
2184,2190
2193,2200
2201,2209
2210,2223
2227,2237
2238,2251
2253,2260
2261,2268
2269,2275
2276,2280
2281,2288
2292,2295
2297,2308
2311,2314
2316,2322
2325,2336
2340,2349
2350,2356
2357,2363
2364,2367
2368,2374
2376,2382
