76,82
85,106
109,126
127,139
142,147
152,157
159,166
173,187
194,197
202,210
211,216
218,228
233,249
250,255
256,270
271,280
281,292
296,299
300,303
309,322
323,328
329,369
370,374
375,378
384,393
394,401
402,409
410,414
419,425
426,429
431,440
441,454
458,473
479,490
491,494
495,502
503,519
520,526
530,539
540,554
555,570
571,585
586,596
597,603
604,611
612,619
620,633
634,642
643,648
649,655
656,674
679,687
688,706
707,722
724,729
730,734
746,761
762,765
770,778
782,786
790,810
811,816
817,824
825,829
831,835
836,855
856,873
874,878
879,893
896,911
912,918
919,925
928,935
936,939
946,953
954,962
963,976
977,983
984,992
993,1010
1011,1016
1019,1036
1037,1053
1054,1060
1061,1068
1069,1079
1082,1092
1093,1098
1099,1114
1115,1128
1131,1135
1144,1158
1159,1169
1170,1178
1179,1188
1189,1192
1197,1207
1209,1214
1215,1228
1229,1241
1243,1247
1248,1252
1253,1257
1258,1275
1286,1317
1321,1328
1329,1346
1347,1353
1354,1374
1380,1397
1398,1413
1414,1419
1420,1438
1439,1454
1455,1467
1468,1483
1484,1491
1492,1500
1502,1506
1509,1517
1518,1530
1531,1541
1542,1547
1548,1553
1554,1568
1569,1579
1580,1597
1598,1616
1617,1629
1630,1636
1637,1641
1642,1648
1649,1655
1656,1660
1663,1668
1669,1681
1682,1690
1691,1701
1702,1721
1722,1735
1742,1746
1747,1751
1752,1766
1767,1771
1772,1786
1787,1790
1791,1803
1804,1813
1814,1831
1834,1851
1852,1860
1861,1873
1874,1879
1880,1898
1899,1911
1912,1916
1920,1932
1933,1937
1938,1950
1951,1960
1961,1972
1973,1983
1984,2005
2006,2010
2011,2017
2018,2024
2025,2030
2031,2053
2054,2072
2073,2079
2080,2090
2091,2128
2133,2136
2138,2141
2143,2164
2169,2179
2180,2186
2188,2191
2194,2199
2201,2209
2211,2223
2224,2231
2232,2240
2241,2249
2250,2253
2259,2265
2267,2270
