89,101
102,107
108,115
116,122
123,131
132,150
151,163
164,175
176,185
186,210
211,222
227,241
242,250
251,257
261,264
265,280
281,299
300,307
308,316
317,327
328,336
337,344
345,354
355,362
363,395
396,407
408,421
422,428
429,436
437,447
448,457
458,473
475,492
493,502
503,506
511,536
537,545
546,557
558,564
565,572
573,577
579,599
601,608
609,613
615,622
623,627
628,631
635,648
650,662
663,670
671,686
688,699
706,712
713,720
721,740
741,758
759,764
765,777
778,785
787,799
800,817
818,832
833,845
846,853
854,858
859,869
870,883
884,901
904,912
913,921
922,927
928,942
943,947
948,956
957,977
978,999
1000,1011
1012,1017
1018,1032
1033,1054
1055,1072
1074,1082
1083,1090
1091,1102
1103,1106
1107,1116
1119,1129
1130,1142
1143,1153
1154,1163
1164,1184
1185,1195
1199,1202
1204,1218
1219,1236
1237,1243
1247,1252
1256,1269
1270,1287
1289,1305
1306,1312
1313,1334
1338,1350
1355,1375
1376,1387
1388,1391
1393,1403
1404,1418
1419,1424
1429,1440
1441,1460
1461,1464
1469,1491
1492,1515
1517,1532
1536,1549
1550,1563
1566,1570
1571,1588
1589,1597
1598,1618
1621,1631
1633,1639
1640,1651
1657,1662
1663,1666
1667,1676
1677,1691
1692,1704
1707,1719
1720,1736
1737,1751
1756,1764
1765,1781
1783,1805
1806,1815
1816,1825
1826,1848
1849,1861
1862,1870
1871,1882
1884,1890
1891,1905
1908,1923
1924,1928
1931,1939
1943,1954
1955,1959
1960,1966
1967,1974
1975,1979
1980,1993
1994,2000
2001,2017
2018,2029
2031,2035
2036,2041
2042,2053
2054,2063
2064,2072
2074,2080
2081,2091
2094,2098
2099,2115
2116,2122
2123,2146
2147,2160
2161,2173
2174,2181
2182,2185
2186,2195
2196,2231
2237,2244
2245,2255
2256,2259
2265,2268
2269,2274
2275,2291
2292,2312
2313,2316
2319,2332
2333,2340
2341,2353
2359,2362
2363,2367
2368,2374
2375,2381
2382,2389
2390,2407
2408,2415
2416,2423
2424,2438
2439,2456
