76,114
115,165
166,200
204,226
227,246
247,269
270,276
280,293
295,307
308,313
314,321
323,326
329,337
339,347
348,353
354,358
359,368
373,376
378,385
388,397
399,402
403,414
416,423
424,436
438,444
445,452
456,470
474,481
482,494
495,503
504,509
510,518
519,532
537,545
546,554
558,565
568,574
577,582
587,592
601,613
614,621
622,627
628,640
641,659
663,666
668,678
683,696
698,727
728,749
750,759
760,766
767,774
775,778
779,785
787,791
798,808
809,822
825,834
839,852
853,857
858,861
862,874
875,878
880,891
893,897
898,902
903,909
910,917
922,935
941,948
953,959
960,968
969,982
983,987
1000,1014
1023,1034
1035,1043
1046,1056
1057,1060
1061,1067
1068,1073
1074,1081
1082,1088
1089,1096
1099,1110
1111,1120
1121,1127
1128,1140
1141,1159
1160,1163
1165,1170
1171,1179
1180,1185
1186,1194
1195,1207
1211,1223
1228,1235
1236,1244
1246,1252
1261,1268
1280,1288
1289,1295
1299,1308
1309,1318
1319,1327
1331,1337
1339,1347
1348,1354
1355,1367
1371,1380
1381,1385
1386,1396
1399,1406
1407,1414
1415,1423
1424,1434
1435,1438
1439,1452
1453,1456
1457,1468
1473,1481
1482,1488
1491,1497
1500,1514
1515,1522
1523,1526
1528,1540
1542,1546
1548,1552
1554,1563
1568,1571
1579,1586
1587,1590
1591,1604
1607,1613
1615,1626
1627,1635
1676,1684
1686,1693
1695,1700
1706,1718
1723,1729
1730,1742
1748,1768
1769,1779
1783,1789
1790,1803
1804,1820
1821,1824
1827,1832
1837,1842
1845,1852
1853,1861
1871,1875
1876,1882
1885,1896
1897,1906
1907,1914
1915,1922
1923,1928
1929,1936
1937,1950
1951,1958
1963,1971
1972,1979
1981,1987
1988,1996
2001,2013
2015,2018
2027,2039
2041,2044
2045,2048
2051,2061
2063,2076
2078,2091
2092,2096
2107,2112
2114,2122
2136,2142
2143,2160
2168,2188
2189,2195
2196,2205
2210,2216
2218,2224
2226,2231
2232,2235
2238,2245
2248,2256
2257,2274
2279,2287
2288,2296
2297,2300
2301,2304
2320,2328
2329,2338
2343,2352
2353,2363
2364,2374
2375,2384
2385,2394
2395,2403
2404,2412
2413,2419
2420,2429
2430,2436
2437,2448
2455,2459
2462,2468
2473,2476
2477,2489
2490,2503
2504,2516
2517,2523
2524,2530
2531,2535
2536,2541
2545,2549
2551,2556
2558,2561
2565,2584
2587,2598
2599,2612
2613,2623
2624,2639
2640,2643
2644,2647
2648,2655
2656,2665
2666,2671
2680,2694
2695,2706
2707,2717
2720,2723
2730,2739
2741,2750
2751,2760
2761,2764
2765,2771
2772,2779
2781,2794
2795,2806
2807,2814
2815,2827
2828,2836
2837,2843
2847,2852
2853,2867
2868,2873
2874,2881
2883,2890
2891,2901
2904,2909
2911,2922
2924,2927
2929,2937
2940,2952
2953,2958
2960,2969
2970,2980
2981,3002
