79,82
83,94
99,111
112,119
120,126
127,134
135,142
143,148
149,159
160,168
173,177
178,188
189,192
193,202
206,215
216,221
223,231
238,241
243,249
250,258
259,265
266,276
277,284
285,296
300,303
304,313
314,317
324,336
338,349
351,357
360,367
368,393
394,397
402,405
406,411
412,420
421,429
430,438
439,448
449,452
453,465
468,473
474,480
481,496
500,506
512,521
522,527
528,531
537,547
548,560
561,574
577,580
584,590
591,602
604,609
610,618
619,625
626,630
633,638
639,644
645,650
652,658
659,674
677,680
684,687
688,696
697,705
706,713
722,728
729,741
742,748
749,757
758,767
768,774
777,782
797,801
805,812
813,819
820,833
834,837
850,856
857,861
864,869
870,876
877,889
893,903
904,915
916,922
923,926
927,938
942,950
951,957
958,961
962,975
982,997
1011,1016
1017,1034
1035,1042
1043,1049
1050,1057
1064,1071
1072,1087
1091,1095
1096,1105
1106,1113
1114,1125
1133,1141
1142,1146
1147,1152
1153,1166
1167,1182
1183,1186
1187,1204
1205,1214
1215,1225
1227,1234
1235,1248
1249,1256
1259,1269
1270,1287
1288,1305
1307,1316
1317,1327
1328,1336
1337,1343
1344,1352
1358,1366
1367,1377
1382,1385
1386,1410
1413,1417
1419,1422
1423,1428
1429,1436
1437,1444
1445,1467
1471,1479
1483,1487
1493,1497
1501,1505
1511,1521
1526,1534
