79,97
98,123
124,146
147,153
154,158
159,163
164,178
179,208
209,222
223,228
229,233
235,245
247,253
254,283
284,305
306,312
320,333
334,346
347,361
364,367
369,383
386,403
404,407
411,423
424,448
449,469
470,492
493,501
502,516
518,528
529,537
538,547
548,553
554,563
564,581
582,595
597,602
603,609
613,617
618,630
633,638
639,645
654,658
668,671
676,685
696,706
707,712
713,724
727,736
737,750
751,765
766,772
776,788
790,796
797,802
803,816
817,827
828,847
848,853
854,861
863,866
867,882
883,889
890,896
897,913
914,927
928,943
944,950
954,960
961,985
986,990
992,998
1000,1004
1005,1014
1020,1025
1029,1040
1043,1049
1051,1055
1056,1061
1062,1072
1076,1082
1083,1089
1090,1107
1108,1121
1122,1142
1144,1152
1153,1164
1168,1180
1185,1191
1192,1211
1212,1215
1216,1219
1223,1235
1236,1245
1246,1256
1258,1268
1270,1277
1284,1289
1290,1305
1317,1326
1330,1340
1343,1359
1360,1363
1364,1367
1369,1380
1384,1398
1402,1413
1414,1418
1421,1432
1433,1450
1451,1468
1469,1477
1478,1483
1484,1491
1492,1507
1513,1524
1525,1530
1531,1536
1537,1542
1543,1560
1561,1564
1565,1575
1576,1593
1594,1597
1598,1606
1608,1620
1625,1640
1641,1648
1649,1659
1660,1667
1668,1672
1673,1680
1681,1687
1688,1707
1708,1714
1718,1721
1724,1745
1746,1767
1768,1771
1772,1778
1779,1783
1785,1796
1797,1801
1802,1806
1807,1817
1818,1830
1831,1843
1845,1851
1855,1866
1867,1874
1875,1881
1882,1888
1889,1900
1901,1906
1907,1919
1920,1937
1938,1945
1946,1954
1955,1959
1960,1981
1982,1999
2000,2006
2007,2013
2014,2017
2018,2023
2026,2036
2037,2051
2052,2068
2069,2077
2078,2083
2084,2097
2098,2106
2107,2116
2117,2127
2134,2141
2143,2150
2151,2159
2162,2172
2173,2186
2187,2194
2198,2201
2202,2217
2220,2224
2230,2244
2245,2251
2257,2263
2266,2279
2280,2298
2303,2324
2325,2334
2335,2343
2345,2363
2364,2373
2374,2379
2380,2385
2386,2392
2393,2401
2402,2413
2417,2421
2422,2431
2432,2439
2440,2447
2448,2453
2454,2464
2465,2468
2469,2480
2481,2485
2486,2496
2506,2515
2516,2523
2524,2529
2530,2538
2539,2550
2551,2559
2560,2574
2575,2580
2581,2587
2588,2594
2595,2604
2605,2610
2611,2627
2635,2642
2645,2648
2649,2666
2667,2674
2675,2684
2685,2693
2694,2697
2698,2707
2709,2719
2721,2727
2728,2737
2738,2743
2744,2755
2756,2759
2762,2772
2773,2780
2782,2785
2786,2799
2800,2816
2817,2826
2827,2838
2839,2842
2845,2863
2864,2879
2880,2894
2895,2910
2911,2923
2924,2927
2928,2942
2943,2956
2957,2972
2973,2983
2984,2994
2995,2998
2999,3008
3009,3018
3019,3027
3028,3033
3034,3047
