78,85
90,103
104,115
116,125
126,135
137,144
148,155
158,166
173,182
187,200
209,213
214,220
222,225
226,240
241,256
259,264
267,282
283,304
306,311
312,323
324,331
335,340
341,363
365,384
389,395
396,410
415,420
421,432
435,439
443,448
491,499
517,524
527,540
630,642
646,654
655,659
664,668
669,673
674,678
682,695
702,728
729,739
740,746
747,755
756,765
769,782
783,794
795,800
801,804
805,816
817,828
829,840
842,845
846,851
856,866
869,884
885,893
898,912
916,923
924,934
936,962
963,971
975,990
991,1005
1008,1020
1024,1029
1030,1035
1036,1039
1040,1047
1048,1052
1071,1081
1086,1100
1104,1115
1118,1122
1123,1131
1135,1143
1149,1157
1158,1164
1165,1175
1178,1187
1189,1193
1194,1212
1213,1233
1234,1243
1244,1260
1264,1276
1287,1292
1294,1297
1304,1307
1311,1317
1318,1327
1330,1334
1337,1342
1346,1357
1363,1366
1371,1380
1381,1395
1397,1405
1411,1416
1417,1424
1425,1444
1446,1461
1463,1467
1468,1473
1475,1480
1486,1501
1504,1508
1510,1523
1528,1538
1539,1554
1557,1565
1566,1574
1575,1583
1584,1590
1592,1598
1606,1619
1620,1629
1630,1640
1641,1648
1649,1652
1658,1663
1664,1675
1676,1684
1686,1689
1690,1698
1699,1709
1711,1714
1715,1731
1736,1747
1750,1761
1762,1770
1771,1776
1777,1783
1784,1789
1790,1801
1808,1821
1822,1830
1831,1839
1840,1848
1857,1865
1870,1877
1878,1885
1887,1897
1898,1907
1908,1921
1922,1934
1935,1940
1941,1949
1953,1970
1971,1980
1981,1999
2000,2006
2007,2010
2011,2015
2018,2031
2032,2044
2045,2052
2053,2063
2065,2068
2072,2078
2080,2089
2091,2107
2118,2123
2124,2132
2133,2141
2142,2147
2148,2157
2158,2162
2163,2167
2168,2178
2179,2186
2187,2199
2203,2210
2211,2220
2230,2234
2236,2239
2240,2248
2249,2257
2260,2268
2269,2276
2277,2285
2286,2292
2293,2297
2298,2310
2320,2327
2331,2339
2340,2352
2357,2378
2380,2386
2387,2397
2402,2411
2412,2421
2427,2440
2441,2455
2456,2462
2463,2478
2479,2486
2487,2499
2500,2508
2509,2516
2517,2528
2529,2534
2537,2540
2543,2546
2547,2555
2562,2565
2567,2576
2577,2580
2581,2593
2594,2600
2601,2609
2610,2616
2621,2630
2636,2648
2649,2656
2657,2667
2668,2676
2677,2686
2687,2700
2704,2712
2713,2724
2725,2729
2730,2735
2736,2739
2740,2744
2745,2752
2756,2760
2762,2765
2766,2773
2782,2788
2792,2803
2804,2813
2814,2819
2820,2824
2825,2831
2832,2845
2846,2850
2851,2861
2866,2900
2905,2909
2911,2916
2919,2924
2931,2936
2938,2947
2948,2952
2953,2957
2958,2965
2966,2976
2977,2980
2982,2990
2994,3002
3005,3008
3010,3015
3016,3023
3025,3029
