76,110
111,119
120,129
130,155
156,180
181,211
212,233
234,238
239,256
257,269
270,279
280,301
302,312
313,321
324,342
343,372
373,402
403,415
418,428
429,454
455,479
480,514
515,522
527,535
536,549
550,556
560,563
564,579
580,583
584,594
595,602
603,620
621,627
628,632
633,639
640,647
651,656
664,673
678,695
699,711
712,719
720,727
728,736
737,754
755,768
769,779
782,785
788,805
806,820
821,831
832,843
846,856
857,873
874,888
889,898
906,914
915,921
922,933
934,938
939,949
950,955
956,971
972,976
977,990
991,1022
1023,1046
1050,1057
1059,1069
1072,1079
1080,1083
1084,1095
1096,1106
1107,1128
1130,1146
1147,1154
1156,1159
1160,1172
1173,1180
1184,1195
1197,1212
1213,1224
1226,1234
1235,1253
1256,1274
1275,1292
1293,1313
1317,1323
1324,1329
1332,1335
1336,1344
1345,1349
1352,1357
1358,1365
1366,1376
1380,1398
1402,1407
1412,1421
1427,1436
1437,1451
1452,1461
1462,1471
1473,1476
1477,1493
1494,1502
1503,1509
1510,1526
1532,1536
1537,1546
1550,1568
1569,1576
1577,1580
1581,1595
1599,1604
1605,1612
1616,1619
1621,1624
1627,1631
1632,1654
1655,1662
1663,1668
1669,1673
1674,1680
1681,1692
1693,1697
1699,1709
1710,1729
1732,1746
1747,1784
1786,1806
1809,1817
1818,1848
1849,1856
1857,1865
1866,1881
1883,1890
1898,1912
1914,1927
1929,1934
1935,1938
1939,1948
1949,1961
1963,1968
1969,1975
1977,1993
1994,2013
2014,2020
2021,2033
2034,2049
2062,2068
2069,2078
2079,2093
2094,2107
2108,2118
2119,2122
2193,2199
2200,2207
2208,2213
2214,2232
2233,2248
2249,2252
2256,2266
2267,2278
2279,2289
2290,2297
2298,2302
2308,2312
2313,2321
2322,2329
2330,2335
2336,2347
2348,2351
2353,2359
2360,2372
2373,2385
2386,2393
2402,2410
2412,2416
2419,2429
2430,2442
2446,2449
2451,2458
2460,2468
2469,2482
2486,2491
2492,2503
2505,2508
2512,2516
2519,2530
2531,2540
2541,2553
2554,2571
2572,2579
2581,2586
2587,2597
2599,2605
2606,2621
2622,2642
2648,2659
2661,2666
2667,2672
2673,2688
2689,2699
2702,2707
2708,2717
2718,2738
2739,2750
2759,2770
2771,2780
2784,2788
2790,2795
2796,2811
2816,2829
2830,2833
2835,2838
2839,2859
2860,2864
2865,2880
2881,2902
2903,2913
2918,2927
2933,2939
2940,2960
2961,2987
2992,2997
2999,3005
3006,3034
3035,3040
3047,3051
3054,3062
3064,3078
3079,3086
3087,3094
3095,3108
3109,3116
3122,3131
3132,3149
3150,3162
3166,3169
3170,3182
3184,3222
3223,3234
3236,3242
3243,3254
3257,3269
3270,3285
3286,3302
3303,3307
3308,3324
3325,3329
3330,3337
3338,3346
3347,3361
3362,3373
3374,3388
3389,3400
3401,3407
3408,3426
3427,3443
3444,3460
3461,3467
3468,3480
3481,3499
3500,3518
3519,3526
3527,3533
3534,3550
3554,3561
3562,3568
3569,3577
3579,3582
3583,3591
3592,3611
3612,3621
3622,3625
3642,3656
3657,3662
3666,3678
3679,3696
3698,3707
3708,3719
3720,3726
3727,3733
3735,3741
3742,3761
3762,3770
3771,3791
3792,3806
3807,3819
3823,3832
3836,3839
3842,3858
3859,3867
3868,3884
3885,3892
3893,3901
3902,3915
3916,3928
3929,3941
3942,3950
3953,3976
3977,3982
3983,3987
3988,3991
3993,4005
4006,4015
4016,4030
4037,4044
4045,4058
4059,4067
4068,4079
4080,4095
4096,4107
4108,4117
4118,4126
4132,4143
4144,4147
4148,4156
4157,4177
4178,4188
4189,4202
4203,4208
4215,4228
4229,4232
4233,4246
4247,4253
4254,4259
4260,4286
4287,4304
4305,4320
4321,4332
4337,4349
4350,4358
4359,4365
4368,4381
4385,4395
4399,4410
4411,4424
4426,4432
4440,4446
4447,4466
4471,4479
4480,4484
4486,4491
4494,4504
4507,4510
4511,4536
4537,4542
4543,4554
4555,4562
4563,4569
4570,4591
4592,4595
4596,4602
4603,4606
4607,4612
4613,4623
4634,4646
4648,4652
4653,4665
4671,4677
4678,4682
4685,4715
4716,4722
4725,4731
4732,4746
4747,4761
4762,4770
4772,4787
4788,4795
4796,4815
4819,4828
4829,4835
4836,4846
4848,4875
4876,4887
4888,4911
4912,4916
4917,4922
4923,4930
