216,255
256,266
267,280
281,290
291,301
305,308
309,326
329,335
336,342
343,350
354,370
371,376
377,388
392,397
408,426
427,431
432,451
454,462
464,470
471,477
478,497
498,506
513,516
517,523
524,530
531,538
540,548
549,570
572,584
586,591
595,609
610,622
623,632
633,637
639,646
647,663
664,667
681,687
688,699
700,710
711,715
716,721
722,729
730,734
735,748
749,770
774,780
781,785
786,794
795,801
802,811
812,815
816,826
827,834
835,849
850,854
855,861
862,876
877,889
891,900
901,910
911,926
930,941
942,949
950,956
961,979
980,986
987,992
993,1008
1009,1027
1028,1040
1046,1049
1107,1110
1128,1132
1134,1145
1150,1157
1158,1161
1162,1185
1186,1198
1199,1204
1205,1209
1210,1225
1226,1245
1246,1261
1267,1285
1286,1298
1309,1312
1313,1324
1325,1336
1350,1359
1360,1378
1379,1388
1389,1407
1408,1413
1414,1423
1424,1434
1435,1451
1452,1464
1472,1483
1485,1490
1492,1495
1496,1516
1517,1521
1522,1535
1536,1549
1550,1554
1555,1558
1559,1569
1578,1591
1592,1604
1605,1618
1619,1631
1632,1645
1646,1669
1670,1675
1676,1685
1686,1689
1690,1696
1697,1715
1716,1730
1739,1742
1748,1753
1754,1771
1772,1775
1776,1780
1781,1802
1806,1818
1819,1823
1824,1837
1838,1843
1844,1852
1853,1877
1879,1886
1887,1903
1907,1912
1913,1922
1923,1934
1939,1954
1958,1973
1974,1988
1989,1995
1999,2016
2017,2031
2032,2043
2049,2055
2057,2068
2071,2081
2082,2087
2091,2105
2107,2120
2133,2137
2140,2157
2170,2175
2176,2180
2181,2196
2197,2200
2201,2207
2213,2216
2217,2222
2223,2235
2236,2244
2245,2257
2258,2267
2271,2285
2286,2295
2298,2311
2313,2316
2317,2335
2336,2347
2348,2357
2359,2376
2378,2381
2382,2392
2394,2398
2399,2411
2415,2421
2422,2435
2437,2445
2449,2456
2457,2465
2466,2471
2472,2487
2488,2508
2509,2517
2524,2552
2555,2559
2560,2579
2580,2586
2587,2599
2604,2610
2613,2637
2640,2643
2644,2647
2648,2654
2655,2658
2659,2671
2674,2685
2687,2697
2700,2709
2712,2717
2719,2727
2728,2734
2735,2755
2758,2766
2768,2779
2781,2801
2805,2822
2824,2833
2834,2848
2852,2861
2862,2872
2877,2886
2887,2896
2897,2905
2907,2918
2919,2933
2934,2947
2948,2961
2962,2975
2976,2981
2982,2988
2990,2998
2999,3007
3008,3012
3013,3021
3022,3031
3032,3047
3048,3054
3055,3064
3066,3083
3084,3094
3095,3115
3116,3120
3121,3127
