76,113
114,129
130,147
148,177
178,182
183,186
187,211
212,237
238,252
253,266
267,271
274,279
280,293
294,309
310,318
319,353
354,374
380,389
390,404
408,422
426,433
438,449
450,457
458,465
466,490
491,501
502,517
518,524
525,529
530,543
555,588
589,599
602,615
616,624
625,631
632,652
653,669
670,690
691,694
695,704
705,715
718,728
729,757
758,776
777,786
787,800
801,816
818,826
827,841
842,852
855,876
878,883
884,902
903,906
914,917
918,921
922,940
943,957
958,964
965,971
972,990
991,999
1000,1007
1009,1018
1019,1028
1029,1038
1039,1042
1043,1050
1051,1062
1063,1082
1083,1091
1092,1098
1101,1120
1121,1131
1135,1145
1150,1161
1164,1167
1168,1190
1191,1196
1198,1207
1208,1220
1221,1231
1232,1237
1238,1257
1258,1265
1266,1280
1281,1306
1307,1310
1311,1326
1327,1334
1335,1344
1345,1368
1369,1392
1393,1396
1397,1402
1403,1419
1420,1430
1431,1440
1442,1450
1451,1465
1466,1471
1472,1483
1484,1490
1491,1494
1495,1515
1516,1529
1530,1549
1550,1570
1578,1584
1585,1589
1590,1605
1606,1612
1615,1620
1621,1631
1632,1642
1643,1646
1649,1657
1658,1668
1669,1683
1684,1687
1688,1694
1695,1702
1706,1713
1716,1721
1723,1728
1729,1751
1752,1768
1769,1772
1776,1813
1816,1826
1827,1849
1850,1866
1867,1875
1876,1886
1887,1896
1897,1925
1926,1948
1950,1960
1965,1977
1981,1991
1992,2004
2005,2016
2017,2023
2024,2028
2038,2052
2053,2056
2057,2071
2072,2082
2083,2095
2102,2115
2116,2134
2135,2151
2154,2162
2163,2173
2176,2196
2197,2206
2209,2219
2220,2228
2229,2237
2238,2250
2251,2255
2256,2266
2269,2312
2313,2320
2324,2340
2341,2352
2353,2361
2362,2380
2385,2389
2390,2402
2403,2420
2421,2459
2460,2464
2465,2477
2483,2491
2492,2495
2497,2501
2502,2510
2514,2525
2529,2535
2537,2545
2548,2558
2559,2567
2568,2572
2573,2584
2589,2594
2601,2626
2633,2651
2652,2659
2660,2680
2685,2693
2694,2697
2698,2707
2708,2711
2725,2729
2734,2744
2745,2748
2752,2765
2766,2773
2774,2786
2787,2791
2792,2805
2806,2811
2812,2827
2828,2845
2846,2865
2869,2890
2891,2909
2910,2916
2922,2928
2929,2940
2941,2944
2946,2951
2952,2959
2964,2967
2968,2979
2980,2991
2992,3017
3020,3025
3026,3039
3042,3049
3050,3056
3057,3065
3068,3081
3084,3096
3097,3110
3111,3127
3128,3145
3150,3162
3163,3182
3184,3200
3201,3210
3211,3237
3239,3250
