78,99
100,127
128,166
167,185
186,201
202,209
210,224
228,234
235,242
243,260
261,271
272,284
285,297
298,319
320,325
329,360
361,366
367,377
380,383
385,394
395,403
408,425
426,448
453,468
469,478
483,496
498,508
509,523
524,538
539,544
545,561
562,567
570,584
589,608
613,616
618,623
625,632
635,642
643,662
663,681
682,689
690,695
696,704
705,730
731,740
741,748
749,759
760,767
768,781
782,785
789,803
804,817
819,849
850,861
862,872
873,882
883,902
903,916
917,934
935,944
948,955
956,965
969,977
980,992
993,1000
1001,1024
1025,1042
1043,1046
1047,1051
1052,1063
1064,1069
1070,1083
1084,1087
1091,1111
1112,1116
1117,1125
1126,1141
1145,1153
1155,1159
1160,1175
1176,1188
1189,1198
1199,1216
1217,1228
1230,1240
1241,1253
1254,1262
1263,1272
1276,1292
1293,1302
1304,1308
1309,1314
1315,1318
1320,1330
1331,1341
1342,1357
1358,1365
1366,1372
1374,1378
1379,1384
1386,1398
1399,1418
1419,1435
1436,1448
1449,1457
1458,1468
1470,1480
1481,1492
1493,1499
1500,1523
1524,1545
1546,1552
1560,1569
1570,1587
1595,1599
1600,1604
1605,1609
1620,1638
1639,1643
1644,1660
1663,1674
1675,1690
1691,1698
1701,1705
1706,1719
1723,1737
1738,1745
1746,1768
1769,1782
1783,1794
1802,1808
1811,1821
1823,1826
1830,1833
1836,1840
1841,1868
1869,1872
1873,1884
1885,1895
1896,1909
1910,1920
1921,1930
1931,1935
1937,1944
1945,1957
1958,1969
1970,1980
1983,1990
1991,2000
2001,2020
2021,2030
2031,2039
2040,2046
2047,2054
2055,2066
2067,2086
2087,2099
2100,2113
2114,2136
2140,2150
2153,2159
2160,2167
2170,2179
2180,2186
2189,2197
2203,2212
2216,2227
2228,2235
2236,2251
2253,2267
2271,2278
2279,2285
2286,2290
2291,2302
2303,2306
2307,2327
2328,2333
2334,2352
2353,2360
2361,2364
2367,2378
2379,2385
2386,2414
2415,2425
2426,2438
2439,2458
2459,2467
2468,2471
2472,2483
2484,2495
2496,2502
2505,2514
2515,2523
2524,2548
2549,2555
2556,2559
2560,2564
2565,2584
