76,79
81,104
105,133
134,142
143,146
147,158
159,169
170,174
175,214
216,250
251,280
281,293
294,348
349,375
376,406
409,416
417,433
434,450
451,457
459,462
463,482
484,491
492,504
505,529
530,547
548,559
562,569
570,578
580,601
603,611
612,620
621,628
629,645
646,654
655,661
662,678
679,691
695,702
703,711
712,724
728,736
738,743
744,756
757,771
772,781
782,796
797,800
803,812
813,821
822,836
839,863
867,884
885,896
897,904
905,929
931,935
936,941
943,957
958,973
974,977
978,984
985,989
990,995
997,1013
1014,1027
1028,1038
1039,1049
1050,1064
1068,1078
1079,1088
1089,1094
1095,1107
1108,1119
1120,1125
1133,1140
1141,1171
1172,1176
1178,1186
1188,1219
1220,1230
1231,1254
1255,1276
1277,1295
1299,1311
1312,1315
1316,1326
1327,1340
1342,1349
1350,1365
1366,1382
1385,1388
1392,1399
1401,1421
1425,1430
1431,1446
1447,1458
1459,1463
1464,1473
1476,1482
1485,1492
1493,1507
1508,1537
1543,1553
1558,1562
1564,1576
1577,1583
1600,1615
1619,1631
1632,1640
1641,1651
1652,1657
1658,1667
1668,1682
1685,1692
1693,1699
1700,1705
1716,1726
1727,1737
1738,1743
1744,1774
1775,1785
1786,1793
1794,1833
1834,1844
1845,1862
1868,1886
1887,1913
1917,1920
1921,1930
1931,1946
1950,1967
1970,1983
1984,1987
1989,1992
1993,2003
2004,2011
2014,2032
2037,2043
2047,2058
2059,2079
2084,2087
2088,2093
2097,2107
2108,2115
2116,2123
2124,2129
2130,2135
2141,2157
2160,2165
2167,2174
2175,2188
2190,2196
2207,2213
2215,2226
2228,2233
2236,2239
2241,2246
2258,2267
2268,2274
2275,2287
2288,2296
2297,2307
2308,2323
2327,2342
2343,2357
2361,2376
2383,2403
2405,2410
2411,2414
2415,2425
2426,2432
2433,2438
2439,2443
2445,2451
2462,2466
2468,2495
2496,2500
2502,2507
2516,2524
2526,2534
2535,2538
2539,2558
2560,2566
2567,2571
2573,2582
2583,2597
2600,2607
2608,2613
2614,2627
2628,2633
2634,2637
2642,2646
2647,2654
2655,2673
2677,2694
2695,2713
2719,2723
2725,2736
2737,2741
2744,2761
2762,2771
2772,2779
2781,2790
2791,2808
2809,2816
2817,2833
2834,2849
2852,2858
2859,2877
2878,2892
2893,2898
2900,2918
2919,2927
2928,2932
2933,2950
2951,2957
2962,2971
2975,2983
2984,2990
2991,3004
3005,3024
3025,3031
3032,3046
3047,3065
3066,3078
3079,3098
3099,3112
3113,3118
3120,3127
3128,3137
3143,3160
3163,3174
3175,3189
3193,3198
3199,3206
3209,3212
3213,3222
3223,3233
3234,3238
3239,3251
3252,3256
3257,3267
3268,3284
3285,3291
3292,3302
3303,3309
3315,3320
3321,3334
3335,3359
3360,3365
3366,3372
3373,3379
3381,3395
3396,3408
3409,3418
3425,3436
3440,3444
3447,3453
3454,3466
3468,3480
3481,3499
3500,3508
3509,3512
3514,3537
3538,3544
3545,3552
3553,3567
3568,3573
3574,3591
3592,3608
3609,3624
3625,3632
3637,3644
3645,3657
3658,3661
3662,3679
3681,3698
3699,3714
3715,3731
3732,3747
3748,3754
3760,3772
3783,3789
3790,3805
3806,3824
3825,3837
3838,3844
3846,3849
3850,3855
3856,3862
3863,3872
3873,3881
3882,3891
3892,3904
3905,3916
3917,3924
3925,3936
3937,3946
3947,3955
3956,3967
3968,3973
3974,3993
3994,4004
4006,4010
4011,4020
4021,4026
4030,4036
4037,4048
4049,4062
4063,4069
4070,4082
4083,4096
4097,4115
4116,4139
4140,4148
4149,4166
4167,4172
4173,4183
4188,4196
4197,4202
4203,4219
4220,4248
4249,4259
4260,4268
4273,4277
4289,4295
4302,4305
4306,4323
4324,4335
4338,4341
4342,4347
4354,4369
4446,4453
4458,4480
4481,4491
4492,4495
4496,4513
4514,4522
4523,4533
4534,4540
4541,4544
