130,138
150,159
167,174
179,182
186,190
192,196
205,210
217,228
230,236
238,245
246,254
255,259
261,269
270,273
275,282
284,291
295,306
307,316
317,320
326,332
337,350
351,354
356,367
379,382
384,397
401,411
412,425
429,436
439,452
453,463
475,478
490,503
506,514
522,525
527,539
545,548
551,555
564,571
574,581
586,592
831,835
837,843
844,851
852,858
859,868
887,890
895,903
914,921
928,931
933,943
945,953
955,965
966,974
976,982
985,991
992,997
998,1010
1011,1020
1021,1034
1041,1059
1064,1067
1069,1072
1074,1078
1080,1087
1092,1103
1105,1111
1113,1123
1125,1131
1132,1145
1146,1150
1155,1168
1174,1180
1191,1199
1200,1203
1205,1218
1221,1226
1227,1232
1235,1244
1246,1256
1257,1261
1266,1271
1273,1279
1281,1288
1315,1318
1327,1334
1345,1352
1357,1362
1363,1367
1373,1379
1384,1394
1396,1405
1406,1411
1412,1419
1420,1423
1434,1441
1444,1459
1466,1478
1480,1490
1494,1497
1507,1513
1515,1527
1533,1537
1539,1545
1547,1551
1556,1560
1562,1566
1568,1576
1580,1593
1612,1618
1620,1623
1629,1639
1643,1646
1660,1679
1683,1687
1696,1699
1701,1713
1718,1723
1724,1730
1733,1745
1747,1753
1762,1765
1768,1773
1774,1780
1781,1792
1793,1797
1811,1815
1824,1833
1835,1842
1848,1852
1854,1862
1869,1872
1873,1877
1881,1892
1894,1897
1903,1916
1918,1927
1929,1940
1942,1945
1951,1960
1961,1971
1977,1981
1983,1995
1997,2001
2002,2007
2008,2012
2013,2020
2022,2028
2029,2035
2037,2045
2046,2052
2054,2061
2066,2073
2074,2080
2081,2090
2091,2100
2105,2110
2111,2121
2125,2135
2147,2153
2155,2160
2162,2166
2174,2177
2182,2185
2191,2205
2209,2212
2219,2222
2226,2231
2233,2236
2238,2246
2253,2257
2263,2271
2272,2284
2285,2291
2292,2298
2307,2310
2315,2323
2325,2329
2330,2335
2336,2339
2344,2353
2355,2369
2371,2383
2384,2389
2393,2397
2398,2403
2404,2408
2409,2420
2432,2439
2442,2446
2451,2458
2459,2465
2468,2475
2476,2483
2484,2493
2494,2498
2505,2517
2518,2521
2524,2531
2533,2545
2552,2556
2558,2565
2574,2579
2581,2586
2591,2598
2600,2604
2606,2619
2622,2634
2636,2645
2647,2652
2656,2661
2664,2674
2685,2690
2692,2709
2713,2723
2725,2731
2733,2745
2754,2758
2759,2769
2772,2780
2787,2793
2799,2807
2813,2831
2836,2839
2843,2852
2854,2866
2868,2873
2882,2885
2891,2915
2917,2920
2922,2926
2928,2935
2936,2941
2943,2950
2955,2970
2972,2976
2978,2984
2986,2992
2994,3002
3077,3082
3084,3097
3099,3104
3111,3118
3131,3136
3138,3145
3146,3158
3160,3164
3169,3176
3182,3197
3207,3217
3220,3224
3230,3246
3248,3255
3257,3264
3265,3269
3271,3275
3279,3284
3286,3291
3294,3297
3305,3313
3314,3322
3325,3330
3332,3342
3343,3354
3357,3368
3372,3385
3390,3397
3398,3409
3415,3424
3425,3438
3440,3455
3457,3465
3466,3474
3475,3481
3483,3488
3490,3497
3498,3504
3505,3511
3514,3520
3521,3527
3532,3535
3536,3540
3543,3548
3550,3558
3560,3567
3569,3577
3581,3592
3594,3602
3664,3667
3694,3706
3707,3710
3715,3718
3724,3732
3733,3746
3750,3753
3755,3761
3765,3778
3780,3786
3789,3794
3797,3800
3805,3811
3813,3816
3821,3824
3829,3843
3848,3853
3854,3861
3862,3869
3874,3886
3887,3892
3895,3901
3902,3911
3916,3923
3926,3937
3938,3943
3944,3957
3958,3973
3978,3983
3992,4000
4007,4013
4014,4023
4024,4042
4046,4065
4066,4071
4072,4077
4078,4081
4082,4085
4087,4091
4099,4108
4109,4115
4116,4128
4129,4137
4139,4144
4145,4148
4156,4161
