76,93
98,129
130,153
154,179
184,188
190,213
214,227
228,242
243,250
251,258
259,263
268,285
290,296
298,306
316,330
335,347
349,354
355,366
372,382
388,391
393,402
403,409
412,417
418,422
423,428
432,438
448,463
464,472
473,477
478,485
486,503
504,510
514,531
538,545
546,553
558,563
565,598
603,613
616,623
627,632
633,641
642,652
662,669
672,678
679,684
685,695
696,701
702,717
724,741
742,747
748,762
763,782
790,805
806,816
817,821
822,837
839,842
844,853
858,865
866,889
890,901
902,911
912,924
925,935
938,946
947,952
954,969
971,974
979,990
995,1007
1011,1018
1020,1025
1026,1035
1036,1039
1040,1047
1049,1057
1058,1062
1069,1090
1093,1106
1108,1111
1113,1128
1132,1141
1143,1153
1158,1166
1167,1172
1173,1191
1197,1208
1209,1219
1225,1234
1235,1247
1248,1252
1253,1264
1266,1280
1281,1287
1288,1301
1302,1333
1334,1353
1354,1363
1364,1376
1380,1394
1395,1401
1403,1407
1408,1418
1420,1426
1427,1435
1436,1449
1450,1459
1460,1472
1473,1479
1486,1497
1498,1505
1506,1511
1512,1515
1516,1526
1527,1550
1551,1558
1562,1567
1568,1577
1579,1582
1584,1594
1595,1607
1613,1619
1620,1629
1630,1645
1646,1653
1654,1669
1671,1680
1684,1696
1697,1709
1710,1713
1714,1723
1724,1739
1745,1759
1760,1765
1767,1773
1774,1796
1803,1821
1823,1833
1835,1839
1840,1859
1860,1875
1876,1883
1884,1888
1892,1897
1898,1905
1906,1913
1914,1942
1943,1953
1956,1969
1970,1975
1979,1986
1987,1991
1992,1997
2002,2016
2023,2027
2030,2039
2045,2055
2056,2070
2071,2099
2100,2103
2104,2118
2119,2135
2138,2152
2153,2170
2171,2187
2188,2193
2194,2203
2204,2215
2216,2227
2228,2242
2243,2248
2249,2252
2253,2263
2271,2281
2288,2296
2297,2301
2310,2315
2323,2337
2348,2351
2355,2362
2364,2369
2370,2377
2378,2391
2392,2402
2403,2414
2415,2436
2437,2443
2444,2456
2461,2465
2471,2479
2480,2495
2499,2509
2511,2519
2520,2532
2533,2541
2542,2551
2552,2565
2566,2570
2571,2579
2580,2589
2590,2593
2594,2608
2609,2622
2623,2637
2638,2644
2645,2648
2649,2653
2655,2659
2660,2667
2668,2685
2686,2699
2700,2703
2706,2710
2711,2722
2723,2733
2734,2749
2753,2766
2768,2773
2775,2788
2791,2809
2811,2821
2837,2846
2847,2865
2869,2872
2878,2892
2893,2902
2903,2914
2915,2921
2924,2928
2929,2940
2941,2953
2954,2958
2959,2966
2968,2971
2972,2983
2989,2992
2994,2997
2998,3005
3006,3018
3022,3038
3039,3049
3055,3059
3060,3072
3073,3081
3082,3100
3101,3109
3110,3118
3119,3138
3139,3157
3158,3163
3167,3181
3182,3186
3188,3192
3193,3224
3225,3245
3249,3259
3261,3274
3284,3297
3298,3309
3310,3321
3324,3337
3339,3342
3346,3351
3352,3357
3358,3373
3375,3388
3389,3408
3409,3415
3418,3427
3429,3438
3439,3446
3447,3454
3455,3465
3466,3472
3473,3479
3480,3489
3490,3498
3499,3505
3506,3512
3513,3520
3529,3538
3539,3548
3549,3561
3562,3572
3573,3577
3578,3581
3583,3596
3598,3602
3603,3609
3610,3613
3617,3630
3631,3646
3649,3666
3667,3673
3674,3688
3689,3703
3706,3712
3713,3728
3729,3740
3741,3751
3755,3758
3760,3766
3770,3783
3784,3794
3795,3800
3801,3811
3812,3834
3835,3840
3841,3857
3858,3863
3864,3872
3873,3905
3906,3915
3916,3930
3931,3944
3945,3956
3957,3967
3969,3983
3984,3990
