76,80
82,87
88,117
118,152
156,162
166,173
174,192
196,210
211,238
241,270
271,279
280,287
288,296
297,302
303,311
312,326
327,339
341,344
345,360
361,370
372,381
382,391
393,397
398,403
406,415
425,432
433,444
445,451
452,465
466,486
488,491
505,518
519,534
540,548
556,561
562,572
573,578
580,588
589,601
603,611
612,615
616,629
638,641
645,649
651,662
663,668
672,687
689,697
699,702
707,717
719,722
723,734
735,749
752,763
764,774
777,785
792,800
805,808
809,814
819,828
829,835
838,851
852,861
862,867
868,880
881,889
891,897
898,906
910,923
928,937
940,949
950,954
956,961
962,968
969,972
973,978
980,988
990,1002
1003,1016
1017,1024
1025,1033
1034,1043
1072,1075
1076,1088
1089,1098
1101,1108
1109,1119
1120,1124
1125,1135
1140,1148
1149,1154
1155,1165
1169,1176
1178,1186
1187,1211
1212,1218
1219,1233
1240,1247
1251,1257
1263,1267
1270,1279
1280,1286
1289,1296
1297,1304
1305,1310
1311,1320
1327,1335
1336,1342
1343,1348
1349,1353
1358,1374
1376,1382
1390,1400
1405,1412
1417,1420
1421,1425
1426,1434
1435,1448
1451,1456
1459,1470
1471,1477
1478,1489
1491,1498
1499,1502
1537,1548
1549,1554
1555,1561
1562,1571
1572,1576
1582,1591
1592,1604
1606,1611
1613,1619
1620,1632
1633,1644
1646,1656
1662,1665
1666,1678
1679,1692
1693,1710
1711,1715
1718,1736
1737,1742
1748,1751
1752,1755
1759,1766
1767,1777
1778,1790
1795,1807
1811,1820
1821,1832
1834,1837
1840,1847
1848,1853
1854,1867
1869,1881
1883,1888
1889,1896
1897,1903
1904,1915
1916,1919
1920,1930
1931,1940
1941,1947
1954,1967
1969,1974
1975,1985
1986,1997
1999,2004
2005,2011
2016,2020
2021,2029
2032,2048
2049,2057
2058,2071
2078,2081
2082,2085
2088,2095
2099,2104
2105,2110
2113,2119
2122,2126
2127,2137
2138,2156
2163,2166
2167,2172
2173,2176
2177,2185
2186,2200
2201,2206
2212,2219
2235,2268
2273,2277
2285,2297
2315,2318
2320,2325
2332,2340
2343,2346
2348,2357
2358,2365
2369,2373
2375,2388
2389,2392
2393,2431
2432,2435
2436,2440
2441,2453
2454,2465
2466,2488
2491,2506
2507,2521
2522,2528
2529,2540
2542,2547
2548,2558
2560,2579
2580,2592
2593,2601
2602,2610
2611,2616
2617,2621
2623,2640
2641,2646
2647,2653
2654,2661
2662,2672
2673,2676
2677,2684
2685,2689
2690,2699
2700,2708
2709,2718
2719,2727
2728,2735
2736,2743
2745,2750
2751,2760
2766,2774
2775,2784
2792,2797
2799,2805
2817,2825
2827,2832
2834,2842
2844,2849
2850,2858
2862,2871
2875,2880
2884,2893
2896,2900
2901,2909
2910,2921
2922,2936
2937,2947
2948,2957
2958,2985
2986,2996
2997,3005
3006,3015
3016,3023
3024,3035
3056,3060
3064,3071
3072,3077
3078,3086
3087,3090
3091,3110
3111,3120
3122,3130
3131,3143
3144,3154
3155,3166
3167,3175
3177,3189
3193,3205
3208,3214
3215,3220
3221,3233
3234,3245
3248,3252
3254,3263
3266,3285
3286,3294
3295,3302
3303,3312
3315,3320
3321,3327
3330,3335
3339,3345
3346,3350
3353,3362
3363,3374
3375,3384
3385,3388
3389,3395
3396,3405
3406,3416
3417,3422
3423,3431
3432,3438
3439,3444
3447,3450
3451,3461
3462,3473
3474,3481
3482,3490
3491,3502
3504,3508
3513,3516
3517,3530
3531,3538
3539,3551
3553,3566
3567,3574
3575,3578
3580,3591
3597,3611
3612,3623
3627,3630
3680,3686
3687,3698
3699,3713
3714,3718
3719,3726
3727,3739
3740,3750
3751,3763
3764,3772
3776,3782
3785,3797
3799,3802
3808,3822
3823,3835
3839,3842
3845,3852
3857,3868
3869,3879
3880,3891
