76,89
90,105
106,144
145,197
204,211
212,222
223,228
229,237
238,244
250,253
255,264
268,272
298,306
308,311
315,319
329,343
344,347
350,357
358,372
384,394
397,410
414,425
427,433
434,439
440,450
451,454
456,462
468,471
477,482
485,493
495,504
506,510
511,519
523,531
532,551
552,572
573,576
577,591
592,600
601,604
605,613
614,619
620,634
664,668
670,684
685,695
702,712
713,719
721,724
726,736
737,742
743,748
753,762
763,775
776,787
788,791
796,813
814,823
827,830
831,835
836,849
850,859
860,875
876,883
886,898
899,906
907,920
921,925
930,942
943,954
955,965
966,973
974,979
1002,1010
1013,1019
1023,1028
1036,1043
1045,1051
1056,1080
1082,1090
1091,1095
1096,1104
1105,1117
1118,1123
1127,1130
1133,1138
1139,1142
1148,1153
1158,1170
1171,1182
1188,1196
1198,1210
1211,1219
1222,1226
1230,1235
1236,1244
1245,1259
1260,1270
1271,1274
1277,1286
1290,1296
1297,1303
1304,1313
1314,1327
1331,1341
1342,1355
1356,1364
1365,1370
1372,1377
1380,1388
1393,1401
1406,1412
1418,1430
1433,1440
1442,1446
1448,1452
1453,1463
1464,1472
1474,1477
1479,1482
1490,1514
1515,1524
1526,1535
1537,1541
1543,1549
1551,1562
1563,1573
1574,1577
1578,1582
1583,1594
1606,1612
1613,1617
1621,1629
1633,1644
1645,1654
1655,1666
1667,1677
1678,1686
1687,1693
1694,1703
1704,1713
1717,1728
1730,1733
1740,1744
1754,1765
1767,1783
1784,1796
1800,1813
1814,1818
1819,1833
1834,1845
1846,1851
1852,1856
1857,1867
1868,1875
1876,1890
1891,1896
1897,1906
1907,1912
1918,1925
1926,1936
1937,1944
1945,1953
1957,1960
1966,1969
1975,1981
1985,1988
1999,2007
2013,2025
2026,2036
2037,2044
2045,2049
2050,2055
2056,2070
2071,2076
2078,2082
2084,2090
2091,2097
2100,2111
2112,2116
2117,2122
2123,2133
2139,2144
2149,2153
2155,2161
2166,2175
2177,2181
2192,2201
2203,2219
2225,2230
2231,2243
2249,2253
2254,2258
2262,2266
2267,2270
2271,2284
2285,2296
2297,2309
2313,2327
2328,2336
2337,2344
2352,2355
2407,2413
2414,2417
2418,2430
2431,2438
2440,2451
2453,2465
2470,2482
2484,2491
2495,2502
2505,2509
2510,2522
2523,2532
2535,2551
2553,2556
2557,2564
2567,2578
2579,2584
2585,2592
2593,2603
2611,2623
2625,2639
2646,2659
2662,2665
2667,2671
2673,2682
2683,2695
2696,2701
2702,2708
2709,2714
2718,2729
2735,2749
2754,2759
2764,2771
2772,2780
2781,2795
2796,2816
2817,2822
2823,2833
2838,2843
2844,2855
2856,2864
2865,2882
2883,2895
2896,2906
2907,2912
2913,2916
2917,2926
2927,2937
2939,2948
2949,2961
2962,2965
2969,2972
2974,2981
2985,3002
3005,3014
3015,3030
3031,3035
3036,3041
3042,3049
3050,3057
3058,3064
3065,3071
3072,3089
3093,3100
3101,3114
3115,3121
3122,3128
3134,3149
3151,3158
3162,3175
3184,3192
3197,3202
3206,3215
3216,3221
3226,3238
3239,3253
3254,3260
3261,3271
3272,3283
3285,3298
3301,3315
3316,3319
3320,3325
3326,3335
3336,3342
3343,3352
3353,3365
3366,3374
3377,3381
3382,3387
3388,3396
3397,3402
3403,3409
3410,3415
3419,3430
3431,3435
3436,3445
3446,3456
3457,3465
3468,3478
3483,3494
3495,3499
3500,3507
3508,3522
3525,3532
3533,3540
3541,3562
3563,3571
3572,3575
3576,3581
3588,3597
3598,3608
3611,3619
3620,3624
3625,3638
3639,3657
3664,3675
3676,3683
3685,3693
3694,3704
3705,3717
3718,3728
3729,3741
3743,3747
3748,3754
3755,3761
3762,3772
3773,3782
3783,3795
3796,3802
3803,3806
3807,3811
