80,85
86,112
113,129
130,133
136,139
142,147
150,155
157,170
175,191
192,204
206,219
223,231
232,238
240,252
253,266
267,281
282,294
297,306
307,310
311,318
319,328
330,341
342,359
361,366
372,385
390,405
406,423
427,432
433,440
441,458
459,470
477,490
504,518
523,529
530,543
544,548
549,552
553,562
563,575
576,586
587,594
595,610
613,616
618,622
627,642
645,658
663,671
680,690
691,704
709,712
713,720
721,725
726,730
731,741
742,751
752,759
760,768
770,775
776,790
791,805
806,813
814,830
831,835
839,856
857,872
873,880
881,890
893,908
909,915
917,922
926,932
933,936
937,952
959,964
965,976
977,982
983,994
995,1009
1010,1023
1025,1038
1044,1053
1054,1058
1059,1072
1073,1082
1083,1091
1092,1104
1105,1112
1118,1123
1126,1131
1132,1141
1142,1149
1150,1163
1165,1177
1179,1191
1194,1201
1202,1206
1209,1223
1224,1235
1240,1247
1248,1256
1257,1263
1265,1278
1280,1283
1286,1289
1290,1295
1297,1302
1303,1306
1308,1313
1315,1324
1325,1333
1335,1343
1344,1358
1359,1364
1365,1379
1380,1387
1388,1400
1401,1417
1419,1422
1423,1436
1437,1445
1446,1453
1455,1462
1463,1469
1470,1473
1474,1479
1480,1487
1489,1502
1504,1510
1516,1521
1523,1532
1533,1548
1549,1560
1563,1569
1574,1579
1581,1592
1593,1603
1606,1616
1617,1625
1626,1638
1641,1650
1652,1662
1669,1682
1685,1689
1691,1696
1699,1715
1720,1725
1727,1736
1737,1743
1745,1750
1751,1755
1769,1783
1784,1795
1796,1804
1808,1814
1815,1821
1822,1831
1836,1842
1843,1853
1855,1869
1872,1875
1880,1883
1885,1892
1893,1902
1903,1917
1921,1930
1931,1940
1941,1949
1950,1962
1963,1972
1977,1988
1989,1999
2000,2011
2012,2020
2021,2031
2038,2045
2049,2052
2053,2067
2068,2075
2077,2082
2083,2088
2089,2094
2095,2100
2101,2114
2115,2122
2123,2127
2128,2136
2137,2142
2144,2158
2159,2167
2168,2174
2175,2192
2193,2211
2212,2221
2222,2241
2242,2257
2258,2267
2268,2278
2279,2286
2287,2302
2303,2308
2309,2318
2320,2333
2337,2340
2341,2350
2351,2361
2362,2374
2375,2386
2387,2400
2401,2410
2411,2423
2429,2438
2439,2451
2452,2462
2463,2474
2475,2490
2492,2496
2497,2506
2507,2512
2519,2530
2531,2540
2542,2545
2546,2550
2552,2564
2565,2572
2573,2581
2587,2591
2593,2598
2599,2611
2612,2623
2624,2639
2640,2648
2649,2656
2657,2663
2670,2687
2692,2698
2701,2709
2710,2718
2719,2727
2729,2741
2744,2753
2754,2762
2763,2773
2774,2785
2792,2803
2804,2811
2812,2816
2817,2825
2826,2842
2843,2851
2852,2861
2867,2875
2876,2888
2889,2895
2896,2906
2907,2914
2915,2928
2929,2942
2946,2962
2963,2978
2979,2985
2986,2997
2998,3022
3025,3029
3030,3038
3041,3052
3055,3069
3070,3075
3079,3083
3093,3103
3105,3116
3117,3128
3129,3134
3135,3140
3141,3177
3188,3203
3204,3218
3222,3229
3234,3238
3242,3263
3270,3273
3281,3287
3289,3306
3320,3329
3332,3346
3349,3359
3360,3365
3366,3374
3375,3384
3385,3395
3396,3408
3409,3414
3419,3424
3425,3435
3436,3443
3444,3459
3461,3471
3472,3485
3495,3509
3510,3514
3515,3538
3539,3557
3558,3568
3569,3575
3576,3579
3582,3595
3596,3612
3613,3624
3625,3628
3629,3644
3645,3649
3651,3659
3660,3669
3670,3676
3677,3698
3699,3704
3705,3718
3719,3727
3728,3738
