77,81
82,87
89,92
97,100
104,108
109,112
117,122
127,138
140,150
156,162
166,173
271,284
291,296
305,316
318,326
328,334
335,342
348,361
363,382
387,390
413,421
422,436
437,442
455,487
495,498
500,508
604,626
627,630
634,646
647,655
661,664
665,670
675,691
693,708
709,715
716,728
729,732
739,746
753,764
765,774
777,785
786,798
799,811
855,858
860,873
876,879
882,886
903,914
915,918
923,926
928,937
939,953
955,965
966,976
977,980
1175,1179
1181,1184
1186,1189
1195,1205
1228,1250
1252,1256
1259,1264
1270,1285
1290,1303
1304,1316
1317,1324
1325,1332
1333,1340
1341,1348
1349,1354
1355,1367
1371,1377
1379,1397
1402,1410
1411,1418
1419,1422
1423,1430
1433,1446
1447,1455
1457,1460
1462,1468
1469,1482
1483,1492
1493,1501
1503,1523
1524,1532
1534,1549
1550,1562
1563,1573
1577,1582
1583,1587
1588,1595
1596,1604
1605,1618
1620,1627
1628,1646
1647,1656
1660,1664
1677,1690
1692,1695
1697,1709
1710,1723
1727,1734
1735,1743
1746,1751
1752,1762
1763,1768
1784,1787
1788,1798
1799,1811
1812,1820
1822,1831
1832,1837
1838,1846
1847,1859
1860,1870
1878,1883
1884,1888
1889,1902
1905,1915
1916,1928
1940,1953
1955,1963
1964,1970
1972,1976
1977,1986
1990,2004
2008,2012
2016,2020
2021,2026
2031,2034
2044,2053
2058,2063
2064,2070
2071,2076
2077,2089
2090,2099
2101,2104
2105,2119
2126,2136
2137,2143
2145,2151
2152,2160
2166,2187
2188,2194
2195,2200
2201,2213
2214,2224
2225,2236
2237,2246
2259,2266
2269,2276
2277,2290
2291,2295
2300,2303
2311,2314
2318,2324
2326,2342
2343,2350
2352,2355
2356,2367
2369,2382
2385,2389
2391,2403
2408,2415
2416,2428
2429,2440
2441,2455
2456,2460
2461,2465
2466,2470
2471,2481
2483,2496
2498,2501
2502,2506
2518,2522
2527,2533
2534,2544
2545,2551
2560,2565
2566,2575
2576,2581
2585,2592
2593,2602
2603,2614
2615,2621
2622,2627
2633,2640
2641,2647
2648,2658
2661,2666
2667,2679
2680,2691
2692,2700
2701,2705
2706,2714
2715,2720
2721,2734
2735,2741
2742,2754
2763,2779
2782,2785
2791,2807
2808,2813
2814,2820
2840,2848
2851,2856
2859,2868
2869,2873
2877,2896
2898,2902
2903,2916
2917,2927
2928,2932
2933,2946
2947,2955
2956,2960
2964,2967
2968,2979
2984,2988
2989,3007
3008,3015
3019,3030
3031,3035
3040,3059
3062,3071
3074,3079
3082,3088
3089,3094
3105,3114
3115,3122
3123,3132
3133,3136
3137,3143
3144,3154
3156,3166
3174,3184
3188,3194
3195,3202
3203,3206
3208,3220
3221,3231
3232,3235
3236,3240
3241,3253
3254,3266
3267,3278
3279,3288
3289,3294
3295,3298
3300,3303
3305,3309
3315,3320
3321,3331
3335,3346
3347,3359
3360,3369
3370,3378
3379,3384
3385,3390
3391,3396
3398,3418
3422,3433
3437,3442
3443,3447
3448,3454
3455,3463
3464,3470
3472,3477
3478,3485
3486,3495
3496,3502
3503,3506
3509,3520
3521,3525
3527,3537
3538,3550
3551,3560
3561,3567
3568,3574
3575,3582
3583,3591
3594,3609
3613,3620
3621,3639
3642,3651
3652,3656
3657,3669
3670,3677
3678,3682
3683,3686
3687,3690
3692,3697
3701,3710
3711,3716
3717,3723
3724,3730
3731,3737
3738,3749
3750,3757
3758,3768
3769,3775
3776,3782
3783,3792
3793,3803
3804,3814
