78,120
121,159
162,186
188,192
193,217
218,230
231,249
250,261
265,275
281,295
296,318
319,328
329,335
336,345
346,352
353,358
359,372
373,387
394,398
399,408
409,418
419,422
423,439
440,466
467,470
472,492
551,554
572,577
578,588
589,597
598,608
609,617
618,639
642,647
649,652
653,658
659,671
672,682
683,708
709,720
721,731
732,742
743,753
754,757
761,781
784,800
803,807
808,828
829,835
836,853
854,858
859,864
866,871
872,880
881,898
899,907
908,914
915,923
924,931
932,940
941,954
957,972
975,983
984,993
994,997
1002,1005
1007,1015
1018,1031
1032,1039
1040,1051
1055,1058
1063,1066
1067,1078
1082,1090
1091,1111
1112,1128
1129,1134
1139,1150
1154,1161
1164,1173
1174,1201
1202,1216
1217,1220
1221,1230
1231,1241
1242,1285
1286,1300
1301,1321
1325,1332
1334,1343
1346,1362
1363,1372
1373,1390
1391,1395
1396,1404
1451,1476
1477,1494
1498,1508
1509,1525
1526,1536
1537,1548
1549,1553
1555,1558
1559,1574
1575,1587
1588,1600
1601,1614
1615,1632
1639,1646
1647,1661
1662,1677
1684,1687
1689,1697
1701,1704
1707,1713
1719,1724
1726,1730
1738,1748
1749,1762
1763,1772
1773,1782
1783,1790
1804,1821
1822,1828
1829,1833
1836,1839
1844,1848
1849,1856
1860,1867
1868,1875
1880,1883
1887,1893
1894,1897
1903,1933
1934,1937
1938,1946
1947,1964
1965,1985
1986,1997
1998,2001
2002,2014
2015,2033
2034,2045
2046,2054
2058,2061
2062,2075
2076,2081
2082,2089
2090,2096
2097,2112
2115,2131
2135,2145
2146,2155
2161,2179
2180,2185
2186,2191
2192,2199
2200,2205
2207,2213
2214,2227
2229,2236
2237,2266
2267,2272
2273,2282
2286,2290
2292,2303
2304,2313
2315,2321
2334,2342
2343,2351
2354,2368
2373,2382
2383,2402
2403,2415
2416,2434
2435,2452
2453,2459
2466,2497
2498,2509
2510,2524
2525,2539
2540,2548
2553,2562
2563,2570
2573,2584
2585,2605
2606,2615
2616,2625
2630,2633
2634,2648
2667,2671
2672,2678
2679,2695
2696,2702
2703,2723
2724,2739
2740,2748
2749,2753
2763,2783
2784,2802
2803,2811
2812,2839
2840,2850
2852,2855
2858,2904
2905,2908
2910,2924
2926,2956
2957,2975
2976,2988
2989,3003
3004,3020
3021,3035
3036,3055
3056,3066
3067,3079
3082,3086
3092,3102
3103,3112
3113,3124
3125,3135
3136,3140
3141,3152
3154,3162
3163,3172
3173,3177
3178,3190
3192,3203
3204,3210
3211,3225
3226,3237
3238,3247
3248,3253
3254,3272
3277,3282
3283,3294
