77,83
84,88
93,106
107,112
113,120
121,142
146,177
178,205
206,225
226,235
236,257
258,273
274,284
286,314
316,329
330,341
342,356
357,376
377,392
393,409
410,413
415,428
429,444
449,454
455,467
469,488
490,504
505,512
518,526
527,536
537,542
543,549
550,557
564,570
571,580
581,595
596,609
610,623
624,628
629,636
637,651
655,665
666,669
673,680
683,690
692,701
703,718
719,736
737,755
757,760
761,768
774,780
785,793
794,802
806,812
815,821
827,846
847,857
858,871
872,875
876,885
886,890
895,913
914,929
930,937
938,944
945,956
962,980
981,984
986,999
1002,1005
1006,1015
1016,1025
1026,1045
1046,1052
1053,1070
1071,1078
1079,1095
1096,1103
1106,1119
1120,1130
1131,1140
1141,1144
1145,1152
1153,1164
1165,1183
1184,1190
1191,1202
1203,1207
1211,1220
1221,1232
1235,1250
1251,1257
1258,1261
1262,1265
1266,1274
1275,1279
1280,1289
1290,1295
1296,1303
1304,1312
1313,1317
1318,1326
1327,1337
1340,1356
1357,1364
1365,1381
1382,1399
1400,1412
1413,1418
1419,1432
1433,1440
1441,1447
1448,1463
1464,1469
1470,1479
1480,1495
1496,1502
1503,1517
1518,1521
1522,1529
1532,1539
1545,1553
1554,1560
1561,1567
1568,1585
1586,1593
1595,1604
1605,1614
1615,1621
1622,1635
1638,1644
1645,1649
1650,1659
1660,1679
1680,1688
1689,1696
1697,1715
1716,1731
1732,1746
1750,1756
1757,1760
1761,1774
1775,1787
1792,1807
1808,1814
1815,1824
1830,1849
1851,1868
1869,1872
1873,1878
1879,1888
1889,1903
1904,1914
1915,1925
1926,1931
1932,1940
1941,1952
1954,1961
1968,1974
1975,1979
1981,1989
1991,1998
1999,2004
2009,2023
2024,2030
2032,2035
2040,2045
2046,2056
2060,2068
2069,2076
2078,2082
2083,2091
2092,2106
2107,2114
2117,2126
2131,2139
2141,2159
2160,2169
2170,2179
2180,2212
2229,2240
2241,2251
2252,2263
2268,2274
2280,2283
2284,2296
2298,2308
2313,2320
2322,2334
2338,2341
2343,2346
2352,2355
2358,2365
2376,2382
2385,2400
2401,2411
2412,2419
2420,2427
2428,2433
2434,2443
2444,2449
2450,2462
2463,2473
2474,2487
2491,2494
2495,2507
2509,2527
2528,2538
2539,2557
2558,2563
2564,2570
2571,2580
2581,2584
2585,2598
2599,2607
2608,2611
2613,2616
2620,2624
2625,2633
2634,2651
2652,2659
2660,2669
2670,2687
2688,2695
2696,2705
2706,2713
2714,2728
2736,2744
2745,2750
2751,2770
2771,2779
2780,2785
2786,2799
2805,2810
2811,2827
2828,2836
2840,2851
2852,2863
2864,2880
2881,2899
2900,2908
2913,2923
2926,2934
2935,2944
2949,2961
2962,2971
2972,2982
2983,2998
2999,3002
3003,3008
3009,3012
3013,3029
3030,3041
3042,3048
3049,3057
3058,3066
3067,3076
3077,3086
3087,3092
3097,3102
