78,127
128,154
155,201
202,224
228,258
259,275
277,282
283,328
329,346
347,379
380,425
426,466
467,481
482,485
486,508
509,538
539,613
614,634
635,648
649,662
663,680
681,689
690,695
696,703
704,751
752,780
781,788
789,860
861,880
881,902
903,916
917,926
927,948
949,967
969,979
980,992
993,1000
1001,1024
1025,1042
1043,1069
1070,1090
1091,1111
1112,1125
1126,1134
1135,1141
1142,1198
1199,1216
1217,1240
1241,1262
1263,1269
1272,1308
1309,1314
1315,1318
1320,1330
1331,1341
1342,1360
1361,1373
1374,1378
1379,1384
1386,1398
1399,1438
1440,1443
1446,1479
1481,1487
1488,1493
1494,1499
1500,1523
1524,1545
1546,1552
1560,1589
1594,1599
1600,1613
1614,1639
1640,1645
1646,1662
1663,1674
1675,1690
1691,1698
1701,1706
1707,1722
1723,1782
1783,1794
1795,1821
1822,1825
1826,1835
1836,1861
1862,1868
1869,1872
1873,1884
1885,1894
1895,1906
1907,1930
1931,1944
1945,1971
1974,2000
2001,2020
2021,2030
2031,2039
2040,2046
2047,2058
2060,2086
2087,2099
2100,2113
2114,2124
2125,2136
2137,2150
2151,2159
2160,2179
2180,2186
2187,2212
2216,2227
2228,2235
2236,2251
2252,2270
2271,2278
2279,2290
2293,2327
2328,2332
2348,2352
2353,2362
2367,2378
2379,2385
2387,2425
2426,2462
2463,2468
2469,2480
2481,2495
2496,2509
2513,2526
2527,2548
2549,2558
2559,2563
2564,2576
2577,2584
2585,2588
