78,89
90,135
136,150
151,156
173,179
184,189
194,204
210,230
234,238
240,262
264,268
275,284
285,305
306,311
312,323
326,331
335,338
346,352
355,378
380,392
393,428
434,437
438,445
446,452
453,463
465,471
473,480
485,491
493,502
506,532
534,548
552,574
586,596
597,614
615,621
622,635
636,649
650,656
657,670
671,678
679,692
693,698
699,707
708,718
721,728
729,735
736,751
753,758
759,769
770,782
786,792
793,805
806,813
814,829
830,838
850,856
858,869
870,875
876,886
892,902
905,909
913,923
924,931
932,938
943,995
997,1005
1010,1014
1016,1019
1022,1026
1029,1060
1061,1069
1074,1077
1078,1085
1086,1095
1096,1107
1108,1140
1146,1158
1159,1166
1167,1176
1177,1196
1199,1214
1215,1227
1228,1240
1241,1274
1275,1316
1317,1362
1363,1393
1394,1400
1401,1410
1411,1423
1424,1477
1478,1510
1512,1529
1534,1551
1561,1572
1573,1584
1585,1596
1597,1624
1625,1647
1649,1655
1656,1661
1662,1672
1673,1700
1701,1744
1745,1769
1770,1776
1777,1783
1784,1797
1798,1806
1807,1829
1830,1841
1842,1863
1867,1875
1879,1895
1896,1899
1900,1909
1910,1964
1965,1972
1975,1980
1981,2001
2002,2007
2008,2015
2016,2024
2025,2036
2044,2054
2055,2081
2086,2092
2093,2105
2108,2121
2122,2129
2130,2138
2139,2164
2165,2172
2173,2183
2184,2192
2193,2202
2203,2210
2211,2226
2227,2234
2235,2251
2253,2268
2269,2275
2276,2288
2289,2310
2311,2339
2340,2349
2350,2361
2362,2368
2369,2379
