76,87
89,105
106,126
127,157
158,166
167,194
197,201
202,206
208,230
231,249
250,257
258,270
271,308
309,327
328,342
345,355
356,373
374,393
394,409
410,425
430,440
441,461
462,476
479,490
491,494
495,519
520,529
530,539
540,554
555,570
571,582
583,589
590,593
596,611
612,620
621,642
643,648
649,671
674,687
688,706
707,722
723,745
746,762
770,778
782,786
790,793
794,799
800,810
811,826
828,834
835,855
856,873
874,895
896,902
903,909
910,921
924,928
929,935
936,947
948,951
953,962
963,976
977,982
983,992
993,1010
1011,1016
1019,1039
1044,1066
1069,1079
1082,1092
1093,1114
1115,1126
1131,1135
1136,1143
1144,1158
1159,1178
1179,1192
1197,1214
1215,1228
1229,1242
1243,1247
1248,1251
1252,1257
1260,1273
1280,1286
1290,1297
1300,1315
1317,1328
1329,1347
1348,1353
1354,1365
1372,1378
1380,1413
1414,1419
1420,1438
1439,1454
1455,1467
1468,1517
1518,1524
1525,1531
1532,1541
1542,1547
1548,1560
1561,1568
1569,1596
1597,1617
1618,1629
1630,1636
1637,1653
1654,1681
1682,1685
1688,1712
1713,1732
1734,1737
1742,1746
1747,1750
1751,1759
1760,1766
1767,1771
1772,1786
1787,1790
1791,1803
1804,1813
1814,1831
1833,1845
1846,1861
1862,1880
1881,1894
1895,1898
1899,1911
1912,1916
1920,1932
1933,1937
1938,1950
1951,1954
1955,1961
1962,1973
1976,1983
1984,2005
2006,2011
2012,2017
2018,2024
2025,2053
2056,2066
2067,2072
2073,2079
2080,2120
2121,2128
2133,2136
2138,2144
2145,2151
2153,2164
2169,2199
2201,2223
2224,2230
2232,2249
2250,2257
2259,2262
2266,2269
