88,101
102,131
132,162
163,210
211,253
254,280
281,298
299,307
308,327
328,342
343,354
355,362
363,421
422,432
433,474
475,502
503,545
546,572
573,586
587,599
600,634
635,649
650,662
663,670
671,684
685,712
713,740
741,763
764,786
787,799
800,812
816,819
820,831
832,853
854,857
858,868
869,875
876,883
884,901
902,921
922,929
930,942
943,947
948,963
964,1031
1032,1054
1055,1070
1074,1082
1083,1090
1091,1097
1098,1104
1105,1146
1147,1151
1152,1163
1164,1195
1199,1202
1204,1216
1217,1224
1225,1269
1270,1300
1301,1305
1306,1312
1313,1334
1338,1375
1380,1391
1393,1397
1398,1403
1404,1424
1429,1440
1441,1445
1446,1457
1458,1464
1469,1484
1487,1491
1492,1515
1516,1620
1621,1639
1640,1650
1651,1666
1667,1676
1677,1691
1692,1717
1720,1748
1749,1779
1783,1805
1806,1825
1826,1848
1849,1861
1862,1870
1871,1883
1884,1889
1890,1927
1928,1962
1967,1977
1978,2000
2001,2029
2031,2037
2038,2063
2064,2104
2105,2118
2119,2122
2125,2129
2130,2143
2147,2160
2165,2194
2195,2208
2209,2244
2249,2254
2257,2292
2293,2298
2299,2312
2313,2316
2319,2332
2333,2340
2341,2348
2349,2353
2359,2362
2363,2367
2368,2374
2375,2381
2386,2408
2409,2415
2416,2423
2424,2438
2439,2450
2451,2458
