78,94
99,111
112,125
126,134
135,142
143,148
149,159
160,168
173,177
178,192
193,215
216,231
232,236
238,241
243,249
250,258
259,265
266,276
277,284
285,296
300,303
304,317
324,350
351,357
360,367
368,397
402,405
406,411
412,420
421,438
439,448
449,467
468,473
474,511
512,521
522,536
537,547
548,560
561,574
577,580
584,603
604,609
610,618
619,625
626,644
645,669
670,687
688,696
697,705
706,721
722,741
742,748
749,757
758,767
768,774
777,782
797,804
805,812
813,819
820,837
838,856
857,861
864,869
870,876
877,903
904,915
916,925
930,938
942,957
958,961
962,975
978,997
1009,1025
1026,1049
1050,1057
1064,1071
1072,1087
1091,1095
1096,1105
1106,1113
1114,1128
1131,1146
1147,1153
1154,1165
1166,1170
1175,1178
1179,1182
1183,1199
1200,1214
1215,1234
1235,1256
1257,1327
1328,1336
1337,1343
1344,1352
1353,1378
1382,1385
1386,1410
1411,1415
1425,1444
1445,1452
1453,1463
1464,1467
1470,1487
1488,1509
1511,1534
