213,308
309,326
327,335
336,352
353,374
375,430
431,455
456,477
478,497
498,506
512,530
531,567
568,607
611,621
622,629
633,663
664,667
678,687
688,706
707,715
716,721
722,733
734,748
749,757
758,770
771,784
785,795
796,801
802,811
812,823
824,834
835,855
856,885
886,890
891,909
910,941
942,949
950,992
996,1008
1009,1049
1128,1132
1134,1145
1146,1149
1150,1158
1159,1185
1186,1197
1198,1202
1203,1209
1210,1225
1226,1244
1246,1261
1262,1285
1286,1301
1309,1312
1313,1324
1325,1336
1350,1379
1380,1387
1388,1394
1395,1407
1408,1414
1415,1429
1432,1439
1440,1450
1451,1457
1458,1464
1465,1494
1495,1505
1506,1516
1517,1522
1523,1535
1536,1549
1550,1577
1578,1591
1592,1603
1604,1611
1612,1617
1618,1643
1644,1655
1656,1669
1670,1673
1674,1686
1687,1696
1697,1715
1716,1730
1731,1749
1753,1776
1777,1780
1781,1802
1806,1818
1819,1822
1823,1837
1838,1843
1844,1848
1849,1878
1879,1886
1887,1905
1906,1922
1924,1928
1931,1936
1939,1954
1958,1974
1975,1988
1989,1997
1998,2031
2032,2043
2049,2064
2065,2085
2086,2105
2107,2120
2125,2157
2158,2180
2181,2196
2197,2200
2201,2216
2217,2222
2223,2277
2282,2311
2316,2336
2337,2347
2348,2357
2359,2433
2440,2449
2452,2455
2456,2465
2466,2483
2484,2487
2488,2508
2509,2519
2524,2546
2547,2552
2553,2586
2587,2599
2600,2609
2612,2639
2642,2645
2647,2658
2659,2671
2674,2685
2687,2726
2727,2734
2735,2754
2755,2766
2768,2780
2781,2801
2805,2810
2815,2818
2819,2822
2824,2833
2834,2851
2852,2861
2862,2872
2876,2885
2886,2896
2897,2905
2907,2918
2919,2933
2934,2961
2962,2975
2976,2984
2985,3012
3013,3021
3022,3031
3034,3041
3042,3047
3050,3054
3055,3064
3066,3083
3084,3093
3094,3130
