76,123
124,158
159,163
164,178
179,233
235,283
284,305
306,312
313,361
364,410
411,492
493,537
538,563
564,581
582,595
597,602
603,630
633,638
639,645
651,671
676,694
696,726
727,736
737,750
751,765
766,788
789,807
808,837
838,861
863,866
867,882
883,889
890,896
897,913
914,927
928,967
968,1004
1005,1014
1020,1049
1051,1082
1083,1143
1144,1152
1153,1164
1165,1215
1216,1219
1223,1235
1236,1245
1246,1256
1258,1268
1270,1277
1284,1289
1290,1305
1306,1329
1330,1340
1343,1359
1360,1380
1384,1398
1399,1420
1421,1432
1433,1450
1451,1491
1492,1507
1513,1524
1525,1530
1531,1536
1537,1542
1543,1560
1561,1564
1565,1575
1576,1620
1625,1640
1641,1672
1673,1691
1692,1717
1718,1767
1768,1801
1802,1829
1830,1854
1855,1866
1867,1888
1889,1900
1901,1906
1907,1919
1920,1937
1938,1945
1946,1954
1955,1999
2000,2006
2007,2013
2014,2036
2037,2051
2052,2068
2069,2077
2078,2127
2131,2150
2151,2159
2162,2172
2173,2186
2187,2219
2220,2244
2245,2251
2257,2263
2264,2324
2325,2344
2345,2363
2364,2373
2374,2379
2380,2385
2386,2392
2393,2421
2422,2431
2432,2439
2440,2464
2465,2468
2469,2480
2481,2504
2506,2515
2516,2523
2524,2550
2551,2559
2560,2574
2575,2594
2595,2604
2605,2610
2611,2627
2628,2648
2649,2666
2667,2674
2675,2684
2685,2693
2694,2697
2698,2707
2708,2727
2728,2755
2756,2785
2786,2799
2800,2816
2817,2839
2840,2863
2864,2879
2880,2894
2895,2910
2911,2923
2924,2927
2928,2942
2943,2956
2957,2972
2973,2983
2984,2994
2995,2998
2999,3008
3009,3033
3034,3047
