76,114
115,148
149,181
185,211
212,238
239,275
276,330
332,353
354,374
375,436
437,448
449,465
466,496
497,520
521,525
526,544
545,548
555,588
589,599
600,615
616,624
625,652
653,689
690,694
695,705
706,719
720,727
728,757
758,779
780,791
792,795
801,816
818,841
842,852
855,902
903,917
921,964
965,990
991,999
1000,1007
1009,1018
1019,1025
1028,1063
1064,1082
1083,1091
1092,1100
1101,1120
1121,1131
1138,1143
1144,1187
1188,1196
1201,1220
1221,1239
1240,1282
1283,1306
1311,1333
1334,1354
1357,1392
1393,1399
1400,1429
1430,1439
1445,1450
1451,1469
1470,1484
1485,1490
1491,1505
1506,1516
1517,1529
1530,1546
1547,1571
1572,1589
1590,1631
1632,1657
1658,1691
1692,1697
1698,1722
1723,1728
1729,1733
1737,1769
1770,1773
1776,1812
1816,1826
1827,1849
1850,1862
1863,1899
1900,1904
1906,1918
1919,1925
1926,1948
1950,1960
1965,1978
1979,1991
1992,2004
2005,2016
2017,2027
2037,2052
2053,2058
2059,2071
2072,2081
2082,2098
2100,2129
2130,2137
2139,2144
2145,2149
2154,2163
2164,2174
2176,2205
2206,2219
2220,2229
2230,2238
2239,2255
2256,2268
2269,2312
2313,2321
2325,2341
2342,2361
2362,2380
2385,2389
2390,2429
2430,2447
2448,2459
2460,2464
2465,2478
2479,2494
2502,2528
2529,2545
2548,2567
2568,2584
2585,2629
2632,2659
2660,2682
2683,2697
2698,2733
2734,2744
2745,2748
2752,2755
2756,2764
2765,2769
2770,2791
2792,2805
2806,2811
2812,2845
2846,2865
2869,2888
2891,2895
2896,2909
2910,2917
2918,2922
2923,2927
2929,2945
2950,2966
2967,2991
2992,3017
3020,3026
3027,3052
3053,3056
3062,3065
3068,3081
3084,3104
3105,3127
3128,3158
3159,3162
3163,3182
3184,3200
3205,3210
3211,3241
3242,3250
