76,110
111,155
156,174
175,180
181,211
212,233
234,238
239,243
244,402
403,479
480,516
517,534
535,557
558,594
595,607
608,617
619,650
651,673
674,695
696,768
769,782
786,845
846,863
864,873
874,898
906,914
915,937
938,949
950,992
993,1021
1022,1078
1079,1106
1110,1138
1146,1163
1166,1172
1173,1180
1185,1188
1190,1234
1235,1274
1275,1304
1305,1313
1317,1322
1323,1337
1338,1348
1349,1360
1361,1367
1368,1378
1379,1386
1387,1398
1402,1407
1409,1422
1423,1426
1427,1436
1438,1451
1452,1461
1462,1471
1473,1476
1477,1493
1494,1503
1504,1509
1510,1515
1516,1526
1527,1549
1550,1568
1569,1576
1578,1592
1595,1615
1616,1632
1633,1654
1655,1663
1664,1691
1692,1697
1699,1711
1716,1746
1747,1790
1791,1808
1813,1819
1820,1848
1849,1865
1866,1879
1880,1890
1892,1897
1898,1912
1915,1927
1929,1934
1941,1962
1963,1968
1969,1975
1977,1993
1994,2004
2005,2019
2020,2033
2034,2064
2065,2079
2080,2119
2120,2124
2190,2206
2207,2213
2214,2224
2225,2232
2233,2248
2250,2266
2267,2289
2290,2320
2321,2335
2336,2360
2361,2382
2384,2391
2400,2406
2412,2429
2430,2441
2446,2449
2457,2463
2468,2491
2492,2503
2505,2508
2512,2540
2541,2560
2561,2642
2643,2694
2695,2699
2700,2717
2718,2738
2739,2766
2770,2798
2799,2862
2863,2935
2939,2987
2989,2997
2999,3009
3010,3024
3025,3034
3035,3046
3047,3052
3054,3062
3063,3086
3087,3131
3132,3149
3150,3182
3183,3242
3243,3254
3255,3310
3311,3329
3330,3343
3348,3361
3362,3373
3374,3388
3389,3406
3407,3421
3422,3434
3435,3443
3444,3467
3468,3480
3481,3500
3501,3531
3532,3550
3552,3566
3567,3592
3593,3599
3600,3618
3619,3639
3641,3656
3657,3673
3678,3708
3710,3719
3720,3726
3727,3760
3761,3791
3792,3806
3807,3832
3833,3840
3841,3858
3859,3866
3867,3874
3875,3881
3885,3892
3893,3901
3902,3915
3916,3928
3929,3941
3942,3950
3953,3965
3966,3976
3977,3987
3988,3991
3993,4005
4006,4015
4016,4030
4036,4045
4046,4053
4054,4058
4059,4074
4075,4097
4098,4107
4108,4117
4118,4154
4155,4159
4160,4176
4180,4187
4188,4192
4193,4208
4209,4232
4233,4246
4247,4286
4287,4302
4306,4313
4314,4321
4322,4325
4326,4332
4333,4349
4350,4384
4385,4411
4413,4424
4425,4439
4440,4467
4468,4491
4496,4504
4505,4510
4511,4535
4536,4539
4540,4570
4571,4579
4580,4595
4596,4602
4603,4612
4613,4623
4634,4666
4667,4672
4674,4677
4678,4682
4685,4715
4716,4770
4771,4788
4789,4828
4829,4849
4850,4874
4875,4881
4882,4924
4925,4930
