78,85
90,125
126,208
209,213
214,226
227,264
265,282
283,310
311,332
333,388
389,420
421,432
433,439
443,448
491,499
517,524
527,536
627,633
634,642
646,668
669,673
674,678
682,695
702,711
713,728
729,740
741,755
756,764
765,768
771,777
778,782
783,789
796,804
805,816
817,840
841,853
854,866
868,875
876,884
885,897
898,912
919,922
923,937
938,962
963,971
972,975
976,979
991,1005
1007,1021
1024,1038
1039,1058
1068,1083
1086,1103
1104,1123
1125,1131
1136,1142
1143,1159
1164,1171
1176,1199
1200,1261
1266,1276
1287,1300
1301,1310
1311,1314
1318,1327
1328,1350
1351,1357
1360,1380
1381,1394
1395,1400
1409,1414
1416,1424
1425,1433
1446,1473
1475,1483
1486,1502
1503,1509
1513,1519
1524,1565
1566,1574
1575,1650
1651,1654
1658,1689
1690,1698
1699,1710
1711,1731
1734,1749
1750,1757
1758,1770
1771,1776
1777,1783
1784,1789
1790,1801
1802,1805
1806,1821
1822,1829
1830,1839
1840,1886
1890,1897
1898,1907
1908,1913
1914,1921
1922,1934
1935,1948
1949,1980
1981,2009
2010,2017
2018,2031
2032,2044
2045,2052
2053,2068
2069,2072
2073,2078
2080,2090
2091,2107
2118,2123
2124,2141
2142,2165
2166,2177
2178,2186
2187,2202
2203,2210
2211,2223
2230,2234
2236,2240
2241,2267
2268,2292
2293,2316
2320,2327
2331,2339
2340,2369
2370,2388
2392,2411
2412,2423
2430,2434
2435,2443
2444,2452
2454,2461
2462,2478
2479,2487
2488,2499
2501,2508
2509,2528
2529,2534
2537,2540
2543,2546
2547,2555
2562,2565
2567,2576
2577,2593
2594,2600
2601,2609
2610,2615
2616,2628
2630,2648
2649,2657
2658,2667
2668,2676
2677,2686
2687,2700
2704,2729
2730,2735
2739,2744
2745,2772
2773,2791
2792,2803
2804,2813
2814,2819
2820,2824
2825,2831
2832,2845
2846,2850
2851,2861
2862,2924
2926,2936
2937,2947
2948,2956
2957,2965
2966,2976
2977,3003
3005,3008
3010,3018
3019,3029
