76,89
90,116
117,132
133,146
151,159
166,169
170,219
228,246
248,259
260,276
280,293
294,312
313,321
341,353
354,368
371,387
388,397
398,401
402,423
424,436
438,445
446,450
453,473
474,494
495,509
510,517
518,529
536,541
546,554
555,569
587,591
592,597
598,613
614,624
625,639
640,650
651,682
683,709
714,720
728,749
750,759
760,766
767,774
775,778
779,794
798,808
809,822
825,834
839,851
853,857
858,861
862,874
875,878
879,901
902,909
910,917
923,935
938,952
953,968
969,982
983,987
989,995
997,1020
1024,1027
1028,1034
1035,1043
1044,1066
1067,1081
1082,1091
1092,1096
1097,1127
1128,1140
1141,1159
1160,1170
1171,1179
1180,1185
1186,1215
1216,1246
1247,1252
1261,1268
1275,1288
1289,1294
1295,1330
1331,1354
1355,1364
1365,1370
1371,1382
1383,1394
1395,1406
1407,1414
1415,1423
1424,1438
1439,1455
1456,1467
1468,1472
1473,1484
1493,1498
1499,1514
1515,1546
1548,1551
1554,1563
1565,1571
1579,1586
1587,1612
1613,1635
1676,1701
1708,1718
1723,1729
1730,1742
1743,1768
1769,1779
1780,1803
1804,1821
1822,1842
1844,1852
1853,1863
1864,1884
1885,1896
1900,1914
1915,1922
1923,1930
1933,1950
1951,1958
1960,1986
1987,2018
2025,2039
2045,2048
2051,2061
2063,2076
2078,2091
2092,2096
2098,2112
2114,2122
2124,2128
2135,2142
2143,2166
2167,2205
2206,2224
2225,2239
2243,2246
2247,2275
2277,2304
2320,2331
2332,2338
2343,2352
2353,2363
2364,2379
2380,2394
2395,2403
2404,2419
2420,2436
2437,2449
2451,2468
2469,2489
2491,2498
2499,2503
2504,2516
2517,2523
2524,2531
2532,2540
2541,2562
2563,2587
2588,2598
2599,2603
2605,2612
2613,2639
2640,2643
2644,2647
2648,2655
2656,2686
2687,2693
2694,2698
2699,2724
2725,2750
2751,2764
2765,2771
2772,2779
2780,2806
2807,2814
2815,2827
2828,2836
2837,2846
2847,2862
2863,2871
2872,2881
2883,2891
2895,2901
2904,2937
2940,2952
2953,2980
2981,3005
