130,138
150,159
167,182
186,190
192,196
205,210
217,228
230,236
238,245
246,254
255,269
270,273
275,294
295,306
307,316
317,320
326,332
337,350
351,354
356,367
379,382
384,397
401,428
429,436
439,452
453,463
472,489
490,503
506,514
522,525
527,539
545,548
551,555
564,571
574,581
586,592
831,835
837,851
852,868
880,894
895,903
914,921
924,943
945,953
955,965
966,974
976,982
985,991
992,997
998,1010
1011,1020
1021,1034
1041,1087
1092,1103
1105,1111
1113,1123
1125,1131
1132,1145
1146,1150
1155,1168
1171,1188
1191,1199
1200,1203
1205,1218
1221,1226
1227,1245
1246,1256
1257,1261
1266,1271
1273,1279
1281,1288
1315,1318
1327,1338
1345,1362
1363,1367
1370,1394
1396,1411
1412,1419
1420,1423
1434,1441
1444,1460
1466,1478
1480,1490
1494,1497
1503,1527
1533,1537
1539,1545
1547,1551
1556,1560
1562,1576
1580,1593
1607,1623
1629,1639
1643,1646
1651,1690
1696,1699
1701,1713
1718,1756
1762,1765
1768,1773
1774,1780
1781,1792
1793,1797
1811,1815
1824,1833
1835,1842
1848,1862
1869,1872
1873,1877
1881,1892
1894,1897
1903,1916
1918,1927
1929,1940
1942,1945
1951,1960
1961,1971
1977,1981
1983,1995
1997,2001
2002,2007
2008,2012
2013,2020
2022,2028
2029,2035
2037,2052
2054,2061
2066,2073
2074,2100
2105,2123
2125,2135
2139,2160
2162,2166
2174,2177
2179,2214
2219,2222
2226,2231
2233,2249
2250,2271
2272,2284
2285,2291
2292,2298
2307,2310
2315,2323
2325,2329
2330,2369
2371,2383
2384,2389
2393,2397
2398,2403
2404,2422
2424,2442
2443,2458
2459,2465
2468,2475
2476,2483
2484,2493
2494,2498
2503,2517
2518,2521
2524,2531
2533,2550
2552,2556
2558,2565
2574,2579
2581,2586
2587,2604
2606,2619
2622,2634
2636,2645
2647,2652
2656,2661
2664,2709
2713,2731
2733,2745
2754,2758
2759,2784
2787,2793
2798,2839
2843,2874
2882,2885
2891,2935
2936,2941
2942,2976
2978,2984
2986,2992
2994,3002
3077,3082
3084,3097
3099,3104
3111,3118
3126,3145
3146,3158
3160,3164
3169,3176
3182,3204
3207,3217
3220,3246
3248,3255
3257,3264
3265,3269
3271,3275
3279,3284
3286,3291
3294,3297
3305,3313
3314,3322
3325,3330
3332,3342
3343,3354
3357,3388
3389,3409
3410,3424
3425,3438
3439,3455
3457,3465
3466,3474
3475,3481
3483,3488
3489,3504
3505,3511
3514,3520
3521,3527
3532,3535
3536,3540
3543,3548
3550,3558
3560,3567
3569,3577
3581,3592
3594,3602
3664,3667
3675,3693
3694,3706
3707,3710
3715,3718
3724,3732
3733,3746
3750,3753
3755,3761
3765,3778
3780,3786
3789,3794
3797,3800
3805,3827
3828,3843
3848,3853
3854,3861
3862,3869
3874,3886
3887,3892
3895,3901
3902,3911
3916,3923
3926,3937
3938,3943
3944,3957
3958,3983
3992,4000
4007,4013
4014,4023
4024,4065
4066,4071
4072,4077
4078,4092
4094,4128
4129,4148
4156,4161
