76,79
81,93
94,114
115,158
159,174
175,214
216,308
309,330
331,374
375,433
434,454
455,483
484,555
561,574
577,618
619,628
629,636
637,654
655,664
670,684
685,694
695,707
711,725
726,737
738,756
757,771
772,796
797,811
812,820
821,832
833,840
841,863
867,884
885,896
903,930
931,935
936,941
943,957
958,973
974,977
978,1013
1014,1030
1031,1044
1045,1049
1050,1062
1064,1088
1089,1119
1120,1125
1133,1158
1159,1183
1184,1196
1197,1219
1220,1240
1241,1254
1255,1276
1277,1298
1299,1325
1328,1349
1350,1365
1366,1372
1373,1397
1401,1423
1424,1433
1434,1443
1447,1463
1464,1473
1476,1482
1484,1492
1493,1507
1508,1534
1535,1541
1543,1547
1548,1553
1558,1562
1563,1583
1584,1630
1631,1652
1653,1657
1658,1683
1684,1705
1706,1715
1716,1726
1727,1737
1738,1744
1745,1763
1764,1774
1775,1785
1786,1793
1794,1802
1803,1806
1807,1835
1836,1840
1841,1844
1845,1863
1864,1886
1887,1899
1900,1920
1921,1930
1931,1946
1947,1983
1984,1992
1993,2004
2005,2087
2088,2095
2097,2120
2124,2136
2141,2159
2160,2188
2190,2196
2201,2250
2258,2264
2265,2274
2275,2287
2288,2296
2297,2307
2308,2320
2327,2356
2357,2377
2378,2403
2405,2438
2439,2481
2482,2508
2516,2538
2539,2543
2544,2558
2559,2566
2567,2597
2598,2612
2613,2627
2628,2654
2655,2670
2671,2694
2695,2713
2719,2736
2737,2741
2744,2761
2762,2805
2806,2829
2830,2841
2842,2851
2852,2877
2878,2892
2893,2898
2899,2918
2919,2927
2928,2932
2933,2950
2951,2957
2962,2969
2970,2978
2979,2988
2989,2996
2997,3005
3006,3024
3025,3047
3048,3065
3066,3098
3099,3115
3120,3127
3128,3137
3138,3142
3143,3165
3166,3174
3175,3186
3187,3216
3217,3233
3234,3238
3239,3256
3257,3270
3271,3284
3285,3302
3303,3320
3322,3360
3361,3365
3366,3372
3373,3380
3381,3395
3396,3418
3419,3445
3446,3480
3481,3499
3500,3508
3509,3512
3514,3531
3532,3552
3553,3573
3574,3591
3592,3609
3610,3624
3625,3636
3637,3644
3645,3661
3662,3679
3680,3713
3714,3731
3732,3747
3748,3751
3756,3762
3768,3773
3781,3805
3810,3841
3850,3872
3873,3904
3905,3916
3917,3924
3925,3936
3937,3956
3957,3967
3968,4004
4006,4010
4012,4021
4022,4034
4035,4062
4063,4069
4070,4106
4107,4116
4117,4130
4131,4140
4141,4144
4149,4160
4161,4169
4170,4195
4196,4202
4203,4248
4249,4258
4259,4268
4269,4306
4307,4321
4322,4326
4327,4332
4336,4353
4354,4369
4446,4453
4458,4480
4481,4491
4492,4513
4514,4523
4524,4540
4541,4544
