76,183
184,213
214,233
234,259
260,308
310,315
316,347
348,371
372,382
394,447
448,478
479,512
514,534
535,553
555,603
604,607
609,634
635,652
657,678
679,701
704,712
713,719
723,740
742,747
749,760
761,773
774,786
790,817
820,843
844,901
902,912
913,924
925,933
934,953
954,969
971,1010
1011,1019
1020,1039
1040,1047
1049,1057
1058,1069
1071,1077
1078,1091
1092,1111
1113,1129
1132,1141
1143,1156
1158,1171
1172,1184
1186,1191
1193,1220
1222,1248
1260,1265
1267,1275
1276,1280
1281,1287
1288,1301
1303,1319
1322,1333
1334,1353
1354,1365
1366,1379
1380,1383
1384,1394
1395,1426
1427,1436
1437,1450
1451,1459
1460,1472
1473,1479
1480,1524
1525,1550
1551,1570
1571,1594
1620,1629
1630,1683
1684,1709
1710,1722
1723,1728
1729,1734
1735,1739
1740,1745
1746,1773
1774,1792
1793,1821
1823,1833
1835,1838
1839,1851
1852,1861
1863,1875
1876,1883
1884,1888
1889,1896
1898,1926
1927,1954
1955,1969
1970,1975
1976,1985
1986,1991
1992,2016
2017,2055
2056,2066
2068,2091
2092,2099
2100,2103
2104,2118
2119,2135
2136,2149
2150,2177
2179,2201
2202,2209
2210,2215
2216,2227
2228,2248
2249,2262
2263,2268
2270,2301
2303,2337
2348,2353
2354,2366
2367,2377
2378,2391
2392,2402
2403,2415
2416,2456
2460,2499
2509,2519
2520,2532
2533,2541
2542,2551
2552,2570
2571,2593
2594,2614
2615,2637
2641,2644
2645,2667
2668,2677
2678,2686
2687,2699
2700,2711
2712,2722
2723,2733
2734,2749
2753,2777
2780,2821
2832,2864
2865,2884
2885,2892
2893,2902
2903,2914
2915,2930
2931,2939
2940,2953
2954,2958
2959,2985
2986,3005
3006,3018
3025,3038
3039,3049
3055,3059
3060,3065
3066,3081
3082,3100
3101,3108
3109,3118
3119,3138
3139,3157
3158,3164
3168,3172
3173,3179
3180,3192
3193,3224
3225,3238
3239,3260
3261,3277
3282,3309
3310,3319
3320,3336
3339,3357
3358,3373
3381,3388
3389,3408
3409,3414
3415,3427
3428,3436
3437,3444
3453,3472
3473,3479
3480,3505
3506,3528
3529,3538
3539,3548
3549,3560
3561,3572
3573,3577
3578,3581
3583,3596
3598,3602
3603,3609
3610,3615
3617,3630
3631,3640
3641,3648
3652,3655
3656,3661
3662,3666
3667,3673
3674,3712
3713,3722
3724,3728
3729,3774
3775,3780
3783,3794
3795,3800
3801,3811
3812,3839
3840,3857
3858,3871
3872,3905
3906,3923
3931,3944
3945,3956
3957,3967
3969,3990
