83,87
88,97
98,117
119,125
130,154
155,162
163,192
196,210
211,241
242,270
271,286
287,302
306,309
312,341
342,347
352,361
362,400
401,405
406,444
445,451
452,489
490,548
549,615
616,628
638,644
645,649
651,662
663,695
696,718
719,722
723,748
749,785
792,802
803,832
833,879
880,906
910,923
928,961
962,989
990,1002
1003,1016
1017,1043
1072,1075
1076,1089
1090,1102
1103,1124
1125,1138
1140,1148
1149,1155
1156,1160
1161,1166
1167,1176
1177,1185
1186,1210
1211,1241
1243,1251
1252,1267
1270,1296
1297,1320
1327,1343
1344,1384
1385,1423
1424,1433
1434,1441
1442,1448
1449,1458
1459,1474
1475,1498
1499,1502
1537,1548
1554,1561
1562,1571
1572,1576
1577,1591
1592,1604
1605,1632
1633,1654
1655,1713
1714,1758
1759,1777
1778,1797
1798,1820
1821,1832
1834,1837
1840,1854
1859,1869
1872,1890
1891,1903
1904,1915
1916,1930
1932,1940
1944,1947
1948,1967
1969,2004
2005,2012
2013,2081
2082,2110
2113,2119
2122,2126
2127,2156
2157,2164
2168,2172
2173,2176
2177,2210
2212,2278
2285,2297
2320,2325
2332,2340
2350,2357
2358,2394
2400,2404
2405,2472
2473,2540
2542,2570
2571,2601
2602,2616
2617,2621
2622,2646
2647,2652
2653,2661
2662,2672
2673,2686
2689,2699
2700,2707
2708,2712
2713,2722
2723,2735
2736,2742
2748,2751
2752,2774
2775,2780
2784,2790
2791,2849
2850,2860
2862,2871
2872,2883
2884,2894
2895,2909
2910,2921
2922,2937
2938,2951
2952,2972
2973,3017
3018,3023
3024,3036
3042,3046
3056,3063
3065,3074
3075,3086
3087,3110
3111,3120
3121,3143
3144,3152
3153,3166
3167,3175
3176,3206
3207,3214
3215,3220
3221,3231
3232,3250
3254,3262
3263,3285
3286,3294
3295,3303
3304,3362
3363,3384
3385,3394
3395,3405
3406,3425
3426,3438
3439,3444
3445,3450
3451,3461
3462,3473
3474,3481
3482,3504
3507,3516
3517,3574
3575,3592
3594,3617
3619,3630
3671,3675
3687,3701
3702,3713
3714,3725
3726,3738
3739,3750
3751,3755
3757,3784
3785,3797
3798,3842
3843,3862
3863,3875
3876,3890
