76,89
90,144
145,197
202,211
212,236
237,267
268,272
298,313
315,330
334,342
343,348
350,357
358,372
381,398
400,411
412,433
434,450
451,485
487,490
491,504
505,508
509,518
519,531
532,551
552,572
573,576
577,582
583,599
600,619
620,634
662,684
685,700
701,718
719,742
743,762
763,775
776,781
782,787
788,791
796,813
814,826
827,840
841,849
850,859
860,875
876,903
904,920
921,925
930,939
943,965
966,977
978,1010
1013,1031
1036,1054
1055,1063
1064,1080
1082,1090
1091,1095
1096,1104
1105,1117
1118,1123
1124,1130
1133,1138
1139,1142
1143,1146
1148,1153
1154,1169
1170,1184
1188,1217
1222,1229
1230,1235
1236,1244
1245,1248
1249,1263
1267,1297
1298,1313
1314,1327
1331,1341
1342,1352
1353,1356
1357,1364
1365,1401
1403,1414
1415,1452
1453,1463
1464,1488
1490,1524
1528,1576
1577,1605
1606,1617
1618,1632
1635,1642
1646,1665
1666,1677
1678,1685
1686,1693
1694,1703
1704,1713
1714,1749
1754,1765
1767,1783
1784,1797
1798,1814
1815,1845
1846,1851
1852,1856
1857,1868
1869,1890
1891,1906
1907,1912
1914,1925
1926,1935
1936,1948
1949,1956
1957,1960
1966,1969
1980,1986
1988,1995
1999,2003
2007,2025
2026,2036
2037,2053
2056,2070
2071,2076
2078,2082
2084,2097
2100,2112
2113,2122
2127,2140
2144,2147
2149,2153
2155,2161
2162,2165
2166,2175
2177,2181
2185,2224
2225,2232
2233,2240
2243,2246
2247,2266
2267,2277
2278,2295
2296,2309
2310,2315
2316,2322
2323,2341
2352,2355
2407,2413
2418,2430
2431,2438
2439,2469
2470,2491
2492,2502
2505,2509
2510,2522
2523,2529
2531,2556
2557,2564
2565,2584
2585,2592
2593,2610
2611,2623
2625,2639
2645,2659
2660,2682
2683,2695
2696,2701
2702,2717
2718,2729
2730,2733
2738,2741
2743,2751
2753,2759
2764,2771
2772,2780
2781,2795
2800,2819
2820,2837
2838,2843
2844,2855
2856,2863
2864,2877
2878,2885
2888,2895
2896,2902
2903,2912
2913,2939
2940,2963
2964,2968
2969,2980
2982,3004
3005,3026
3027,3041
3042,3049
3050,3056
3057,3071
3072,3080
3081,3084
3085,3099
3100,3110
3111,3114
3115,3126
3130,3133
3141,3144
3150,3158
3162,3194
3195,3221
3223,3238
3239,3256
3259,3268
3269,3284
3285,3298
3299,3315
3319,3325
3326,3341
3342,3352
3353,3356
3358,3362
3364,3377
3378,3387
3388,3396
3397,3413
3414,3434
3435,3446
3447,3456
3457,3462
3464,3478
3483,3493
3494,3499
3500,3522
3525,3532
3533,3575
3576,3580
3588,3597
3598,3614
3617,3624
3625,3638
3639,3643
3648,3657
3664,3676
3677,3683
3685,3693
3694,3704
3705,3717
3718,3728
3729,3741
3742,3761
3762,3782
3783,3787
3788,3806
3807,3811
