80,85
86,139
140,191
192,205
206,218
221,252
253,294
297,306
307,330
331,363
366,371
372,385
386,423
424,440
441,447
448,458
459,471
472,529
530,535
539,542
543,556
557,575
583,613
614,644
645,704
709,731
733,741
742,759
760,775
779,790
791,813
814,831
832,848
849,856
857,872
873,880
881,908
909,916
917,922
926,960
961,977
978,990
991,1009
1010,1022
1025,1032
1039,1046
1047,1052
1055,1064
1065,1091
1092,1104
1105,1116
1118,1123
1125,1141
1142,1154
1155,1163
1165,1177
1180,1191
1194,1201
1202,1223
1224,1235
1236,1264
1265,1278
1283,1288
1290,1296
1297,1302
1303,1307
1309,1324
1325,1343
1344,1358
1359,1363
1364,1379
1380,1400
1401,1419
1423,1436
1437,1445
1446,1462
1463,1469
1470,1479
1480,1487
1491,1505
1506,1512
1515,1532
1533,1548
1549,1562
1563,1616
1617,1638
1639,1663
1664,1669
1672,1682
1683,1688
1690,1694
1696,1745
1746,1764
1769,1780
1789,1795
1796,1808
1809,1814
1815,1831
1832,1839
1840,1873
1874,1901
1902,1917
1921,1930
1931,1939
1940,1957
1958,1999
2000,2011
2012,2021
2022,2029
2038,2046
2047,2067
2068,2076
2077,2082
2083,2092
2093,2100
2101,2114
2115,2127
2128,2136
2137,2158
2159,2175
2176,2193
2194,2201
2202,2212
2213,2221
2222,2241
2242,2257
2258,2264
2268,2276
2279,2286
2287,2300
2304,2308
2309,2318
2319,2340
2341,2350
2351,2362
2363,2374
2375,2427
2428,2438
2439,2451
2452,2461
2462,2474
2475,2487
2488,2515
2519,2530
2531,2540
2542,2545
2546,2550
2552,2564
2565,2581
2582,2592
2593,2639
2640,2653
2654,2663
2668,2700
2701,2709
2710,2718
2719,2727
2728,2762
2764,2773
2774,2785
2788,2804
2805,2816
2817,2825
2826,2834
2835,2842
2843,2861
2865,2888
2889,2906
2907,2914
2915,2928
2929,2942
2946,2954
2960,2965
2966,2977
2978,2985
2986,3008
3009,3022
3025,3029
3030,3038
3039,3052
3057,3071
3072,3075
3079,3084
3093,3115
3116,3130
3131,3139
3140,3161
3163,3167
3168,3172
3173,3204
3205,3239
3242,3267
3270,3273
3275,3283
3285,3329
3332,3344
3349,3373
3374,3384
3385,3395
3396,3408
3410,3414
3415,3419
3420,3434
3435,3443
3444,3459
3460,3488
3489,3514
3515,3538
3539,3557
3558,3574
3575,3579
3580,3595
3596,3604
3605,3626
3627,3644
3645,3649
3651,3665
3669,3676
3677,3691
3693,3703
3704,3720
3721,3738
