77,81
82,87
89,92
97,100
104,108
109,126
127,152
156,162
166,173
268,284
291,296
304,326
328,334
335,342
348,361
363,382
387,390
413,421
422,436
437,442
455,487
495,498
500,508
604,631
635,646
647,662
665,670
675,691
693,699
700,715
716,738
739,746
747,764
765,774
777,785
786,798
799,811
855,875
876,879
882,886
903,914
915,954
955,965
966,976
977,980
1170,1174
1175,1179
1181,1189
1195,1205
1228,1250
1252,1256
1259,1264
1266,1272
1273,1285
1290,1303
1304,1316
1317,1324
1325,1332
1333,1354
1355,1367
1371,1377
1379,1397
1402,1422
1423,1455
1457,1468
1469,1482
1483,1549
1550,1576
1577,1582
1583,1587
1588,1604
1605,1618
1620,1664
1677,1723
1727,1744
1746,1751
1752,1770
1773,1787
1788,1798
1799,1811
1812,1820
1822,1846
1847,1859
1860,1870
1871,1888
1889,1902
1905,1931
1940,1963
1964,1970
1972,1988
1990,2004
2008,2012
2013,2020
2021,2038
2043,2057
2058,2063
2064,2070
2071,2076
2077,2089
2090,2119
2126,2136
2137,2143
2145,2160
2166,2179
2180,2187
2194,2200
2201,2213
2214,2224
2225,2236
2237,2246
2247,2268
2269,2276
2277,2290
2291,2295
2300,2303
2311,2314
2318,2324
2326,2367
2369,2382
2385,2389
2391,2407
2408,2415
2416,2428
2429,2440
2441,2465
2466,2481
2483,2496
2498,2501
2502,2506
2512,2533
2534,2565
2566,2581
2585,2592
2593,2602
2603,2614
2615,2632
2633,2640
2641,2647
2648,2658
2661,2666
2667,2679
2680,2691
2692,2700
2701,2705
2706,2714
2715,2720
2721,2741
2742,2779
2782,2785
2787,2813
2814,2820
2838,2856
2859,2874
2875,2902
2903,2916
2917,2927
2928,2932
2933,2946
2947,2955
2956,2960
2961,2979
2980,2988
2989,3001
3002,3007
3008,3015
3019,3030
3031,3035
3036,3050
3051,3081
3082,3088
3089,3094
3095,3113
3114,3132
3133,3136
3137,3143
3144,3154
3155,3171
3172,3194
3195,3202
3203,3220
3221,3231
3232,3235
3236,3240
3241,3253
3254,3266
3267,3278
3279,3312
3315,3320
3321,3331
3335,3346
3347,3359
3360,3369
3370,3378
3379,3418
3419,3442
3443,3463
3464,3470
3472,3477
3478,3485
3486,3495
3496,3520
3521,3525
3527,3537
3538,3550
3551,3567
3568,3574
3575,3614
3615,3620
3621,3639
3642,3651
3652,3656
3657,3669
3670,3677
3678,3682
3683,3700
3701,3710
3711,3716
3717,3723
3724,3749
3750,3775
3776,3782
3783,3792
3793,3803
3804,3814
