79,96
103,116
117,192
195,201
203,215
218,224
226,231
232,260
261,289
290,332
333,377
378,418
419,422
423,429
430,439
440,465
466,474
475,492
571,574
576,588
589,617
618,641
642,652
653,658
659,671
672,677
679,682
683,704
705,708
709,720
722,731
732,759
760,765
766,801
803,806
808,834
835,856
868,871
872,880
881,898
899,914
915,931
934,939
941,953
957,984
985,997
1001,1005
1012,1031
1032,1039
1040,1062
1063,1066
1067,1083
1084,1107
1110,1123
1124,1150
1154,1161
1164,1173
1177,1182
1183,1201
1202,1212
1213,1216
1220,1229
1230,1234
1236,1240
1242,1253
1254,1277
1281,1301
1302,1330
1334,1351
1353,1362
1363,1372
1373,1390
1394,1405
1451,1476
1477,1495
1498,1525
1526,1536
1537,1558
1559,1570
1571,1577
1578,1584
1585,1588
1589,1600
1601,1610
1611,1615
1618,1632
1633,1661
1662,1677
1684,1687
1688,1697
1700,1703
1707,1711
1712,1724
1725,1728
1731,1748
1749,1762
1763,1783
1784,1790
1791,1796
1804,1809
1810,1821
1822,1828
1829,1835
1836,1839
1844,1858
1860,1875
1880,1886
1887,1897
1903,1933
1934,1937
1940,1946
1947,1964
1965,1985
1986,1999
2002,2014
2015,2034
2035,2054
2057,2080
2082,2089
2090,2134
2135,2143
2144,2162
2163,2169
2171,2179
2180,2186
2192,2202
2207,2213
2214,2220
2221,2225
2229,2236
2237,2267
2268,2309
2310,2333
2334,2339
2340,2349
2350,2382
2383,2402
2403,2413
2414,2421
2422,2434
2435,2445
2451,2457
2458,2461
2462,2474
2475,2499
2500,2520
2521,2539
2540,2550
2552,2583
2584,2605
2606,2625
2628,2633
2634,2648
2652,2664
2667,2678
2679,2695
2696,2723
2724,2730
2731,2740
2741,2753
2754,2802
2803,2812
2813,2829
2830,2859
2860,2864
2865,2904
2905,2947
2952,2956
2957,2975
2976,2986
2987,3003
3004,3020
3021,3035
3040,3048
3049,3066
3067,3079
3080,3102
3103,3112
3113,3124
3125,3135
3136,3140
3141,3148
3154,3162
3163,3172
3173,3177
3178,3190
3191,3210
3211,3225
3226,3237
3238,3243
3244,3253
3254,3272
3273,3276
3277,3282
3283,3294
