78,89
90,97
98,109
110,113
114,120
121,173
174,204
205,217
223,235
236,273
274,330
331,372
377,392
393,409
410,447
449,454
455,506
507,517
518,526
527,534
535,546
547,557
558,581
582,585
595,623
624,635
636,670
671,674
675,680
681,702
703,736
737,757
758,768
770,781
782,826
827,885
886,915
916,929
930,937
938,944
945,1000
1001,1005
1006,1010
1015,1019
1020,1025
1026,1045
1046,1070
1071,1095
1096,1105
1106,1115
1116,1126
1127,1144
1145,1152
1153,1164
1165,1183
1184,1190
1191,1211
1212,1220
1221,1233
1235,1241
1242,1250
1251,1261
1262,1295
1296,1303
1304,1312
1313,1326
1327,1336
1337,1342
1343,1346
1350,1356
1357,1364
1365,1381
1382,1399
1400,1412
1413,1418
1419,1432
1433,1441
1442,1469
1470,1479
1480,1487
1488,1515
1516,1553
1554,1566
1567,1575
1576,1585
1586,1593
1594,1603
1604,1627
1629,1649
1650,1659
1660,1667
1668,1687
1688,1696
1697,1715
1716,1731
1732,1746
1747,1759
1760,1774
1775,1786
1787,1791
1792,1801
1802,1807
1808,1816
1820,1824
1830,1867
1868,1872
1873,1878
1879,1885
1886,1889
1890,1902
1903,1952
1955,1961
1962,1990
1991,1998
1999,2004
2009,2029
2034,2037
2040,2068
2069,2091
2092,2096
2097,2130
2131,2142
2143,2159
2162,2168
2169,2206
2207,2212
2229,2240
2241,2251
2252,2301
2302,2320
2322,2346
2352,2356
2358,2365
2366,2384
2385,2402
2403,2411
2412,2419
2420,2427
2428,2433
2434,2449
2450,2462
2463,2490
2491,2527
2528,2563
2564,2600
2601,2611
2620,2633
2634,2651
2652,2660
2661,2687
2688,2695
2696,2705
2706,2714
2715,2727
2732,2739
2743,2780
2781,2785
2786,2800
2805,2827
2828,2836
2841,2845
2846,2863
2864,2880
2881,2899
2900,2908
2913,2933
2934,2944
2949,2961
2962,2976
2977,2997
2998,3002
3003,3008
3009,3012
3013,3029
3030,3044
3045,3067
3068,3088
3089,3095
3097,3102
