76,205
207,217
219,238
239,270
271,342
343,456
457,638
639,771
772,843
844,914
915,949
950,1023
1024,1079
1080,1304
1305,1386
1387,1494
1495,1527
1528,1580
1581,1631
1632,1680
1681,1807
1808,1890
1891,2124
2189,2192
2193,2226
2227,2250
2252,2256
2257,2370
2371,2394
2398,2468
2469,2558
2559,2671
2672,2720
2721,2791
2793,2859
2860,3005
3006,3062
3063,3164
3165,3345
3346,3442
3443,3516
3517,3550
3552,3565
3566,3656
3657,3822
3823,3883
3884,3902
3903,3940
3941,3950
3953,3987
3988,4118
4119,4176
4177,4247
4248,4335
4336,4370
4372,4491
4492,4511
4512,4569
4570,4619
4620,4623
4634,4817
4818,4875
4876,4930
