216,247
248,309
310,375
376,506
513,547
548,622
623,667
678,688
689,698
699,715
716,770
771,835
836,869
870,949
950,1052
1107,1110
1118,1122
1128,1132
1134,1196
1197,1247
1248,1305
1307,1313
1314,1325
1326,1336
1350,1360
1361,1415
1416,1464
1465,1548
1549,1617
1618,1670
1671,1750
1751,1818
1819,1837
1838,1855
1856,1906
1907,1936
1937,1945
1946,1954
1955,1973
1974,2002
2003,2119
2120,2235
2236,2342
2343,2433
2434,2507
2508,2551
2552,2632
2633,2658
2659,2671
2675,2784
2785,2880
2881,2922
2923,2984
2985,3050
3051,3094
3095,3130
