78,85
86,126
127,279
280,333
334,434
437,450
453,460
491,496
517,524
527,542
628,679
680,778
779,825
826,899
900,912
914,962
963,1023
1024,1058
1067,1142
1143,1261
1262,1310
1311,1352
1355,1395
1396,1405
1409,1473
1475,1503
1504,1573
1574,1652
1653,1756
1757,1802
1803,1845
1846,1867
1868,1914
1915,1937
1938,1952
1953,2007
2008,2051
2052,2078
2080,2107
2118,2122
2123,2199
2200,2223
2229,2232
2235,2238
2241,2327
2328,2529
2530,2558
2559,2624
2625,2641
2642,2678
2679,2745
2746,2791
2792,2820
2821,2860
2861,2867
2869,2887
2889,2906
2910,2916
2918,2924
2926,3003
3004,3032
