76,120
121,146
147,161
162,287
288,374
375,482
483,559
561,569
570,661
662,740
741,795
796,838
839,930
931,977
978,1182
1183,1253
1254,1327
1328,1457
1458,1473
1475,1484
1485,1562
1563,1664
1665,1737
1738,1774
1775,1797
1798,1833
1834,1899
1900,1945
1946,2017
2018,2087
2088,2092
2097,2118
2119,2203
2204,2250
2257,2266
2267,2323
2324,2508
2516,2571
2572,2597
2598,2627
2628,2695
2696,2843
2844,2971
2973,3033
3034,3160
3161,3182
3183,3252
3253,3284
3285,3320
3321,3480
3481,3602
3603,3657
3658,3717
3718,3773
3779,3788
3789,3868
3869,3955
3956,4131
4132,4137
4139,4172
4173,4220
4221,4259
4260,4370
4445,4544
