130,159
161,199
205,210
211,302
303,331
332,411
412,491
492,524
525,592
834,870
880,901
902,948
949,997
998,1133
1134,1149
1150,1258
1259,1271
1273,1288
1315,1318
1320,1324
1327,1361
1362,1410
1411,1528
1529,1649
1650,1755
1756,1759
1761,1792
1793,1797
1803,1892
1893,1971
1972,2073
2074,2257
2258,2286
2287,2298
2300,2303
2305,2404
2405,2468
2469,2531
2532,2618
2619,2711
2713,2784
2786,2792
2793,2887
2888,3002
3068,3071
3073,3292
3294,3297
3303,3393
3394,3497
3498,3549
3550,3606
3664,3673
3674,3733
3734,3761
3763,3945
3946,4022
4023,4161
