76,213
214,241
242,260
261,347
348,391
393,402
403,510
511,639
640,716
717,761
762,776
777,812
813,843
844,887
888,911
912,1015
1016,1118
1119,1181
1182,1279
1280,1363
1364,1431
1432,1472
1473,1611
1613,1645
1646,1743
1744,1969
1970,2089
2090,2149
2150,2189
2190,2207
2208,2226
2227,2258
2259,2268
2270,2301
2303,2335
2348,2372
2373,2411
2412,2457
2460,2570
2571,2622
2623,2684
2685,2718
2719,2774
2775,2827
2831,2884
2885,2920
2921,3024
3025,3077
3078,3179
3180,3260
3261,3277
3279,3290
3291,3324
3325,3373
3374,3436
3437,3474
3475,3528
3529,3561
3562,3625
3626,3666
3667,3731
3732,3796
3797,3841
3842,3990
