76,272
299,373
381,571
572,611
614,636
662,693
695,699
700,784
785,822
823,850
851,896
897,925
927,1035
1036,1101
1102,1146
1147,1219
1220,1278
1279,1332
1333,1364
1365,1452
1453,1525
1526,1607
1608,1643
1644,1666
1667,1697
1698,1749
1750,1791
1792,1814
1817,1835
1836,1868
1869,1906
1907,1912
1914,1945
1946,2160
2161,2224
2225,2308
2309,2344
2345,2348
2352,2355
2407,2531
2532,2660
2661,2766
2767,2796
2797,2900
2901,2949
2950,3023
3024,3030
3031,3084
3085,3128
3136,3145
3146,3238
3239,3366
3367,3473
3475,3524
3525,3574
3575,3581
3588,3602
3603,3648
3650,3658
3663,3684
3685,3761
3762,3814
