216,370
372,375
376,379
386,480
481,506
512,529
530,546
547,558
559,564
568,608
609,663
664,667
678,714
715,770
771,836
838,854
855,948
949,1049
1107,1110
1128,1132
1134,1145
1146,1202
1203,1261
1262,1284
1285,1301
1307,1325
1326,1336
1342,1345
1350,1358
1360,1365
1366,1408
1409,1504
1505,1548
1549,1612
1619,1631
1632,1656
1657,1753
1754,1823
1824,1848
1849,1886
1887,1906
1907,1973
1974,1998
1999,2195
2196,2235
2236,2336
2337,2358
2359,2409
2410,2487
2488,2508
2509,2518
2523,2545
2546,2552
2553,2637
2638,2644
2647,2658
2659,2671
2674,2756
2757,2896
2897,2964
2965,2985
2986,3012
3013,3042
3043,3063
3064,3130
