76,238
239,399
400,521
522,579
580,607
608,647
648,768
769,864
870,873
874,905
908,911
914,973
976,1095
1096,1293
1294,1367
1368,1461
1462,1525
1526,1530
1532,1568
1569,1580
1581,1631
1632,1673
1674,1731
1732,1808
1809,1867
1868,2068
2069,2121
2189,2206
2207,2248
2250,2288
2289,2333
2334,2373
2374,2394
2398,2468
2472,2482
2484,2511
2512,2642
2643,2688
2689,2718
2721,2836
2837,3005
3006,3085
3086,3182
3183,3242
3243,3254
3255,3426
3427,3430
3432,3534
3535,3549
3552,3564
3565,3641
3642,3808
3809,3855
3859,3943
3945,3950
3953,4015
4016,4075
4076,4184
4185,4283
4286,4303
4304,4332
4333,4410
4411,4467
4468,4494
4496,4536
4537,4570
4571,4623
4634,4821
4822,4922
4923,4930
