78,87
90,125
126,200
201,282
283,332
333,420
421,432
433,448
491,499
517,524
527,542
627,631
632,731
732,766
767,854
855,912
914,1058
1067,1134
1135,1142
1143,1260
1261,1314
1318,1350
1351,1394
1395,1405
1409,1424
1425,1473
1475,1502
1503,1652
1653,1757
1758,1782
1783,1806
1807,2001
2006,2072
2073,2078
2080,2107
2118,2122
2123,2162
2163,2218
2219,2223
2229,2234
2236,2239
2240,2267
2268,2327
2328,2425
2426,2499
2500,2534
2535,2555
2559,2576
2577,2628
2630,2676
2677,2736
2737,2790
2791,2813
2814,2825
2826,2850
2851,2924
2926,2937
2938,2965
2966,2976
2977,3032
