76,114
115,167
168,220
221,276
280,293
294,313
314,321
328,333
341,397
398,445
446,532
534,541
542,545
546,554
555,575
577,584
587,593
598,626
627,762
767,837
839,852
853,995
997,1034
1035,1081
1082,1096
1097,1140
1141,1173
1174,1245
1246,1252
1258,1268
1277,1338
1339,1342
1345,1396
1397,1564
1574,1612
1615,1630
1632,1635
1680,1683
1686,1700
1708,1717
1718,1772
1780,1896
1899,2039
2045,2128
2135,2304
2320,2331
2332,2363
2364,2382
2383,2448
2449,2471
2473,2476
2477,2487
2488,2522
2523,2535
2538,2623
2624,2729
2730,2980
2981,3005
