81,158
159,215
216,289
295,557
561,574
577,618
619,743
744,836
837,930
931,972
973,1030
1031,1035
1037,1064
1065,1087
1095,1125
1126,1182
1183,1219
1220,1254
1255,1398
1399,1473
1475,1483
1484,1536
1537,1563
1564,1653
1654,1740
1741,1793
1794,1833
1834,1886
1887,1914
1917,2006
2008,2011
2012,2095
2097,2250
2257,2267
2268,2320
2327,2357
2359,2403
2404,2439
2440,2508
2516,2538
2539,2583
2584,2614
2615,2670
2671,2694
2695,2844
2847,2932
2933,2983
2984,3031
3032,3056
3063,3164
3165,3263
3264,3319
3322,3499
3500,3714
3715,3773
3781,3854
3855,3956
3957,4022
4023,4082
4083,4118
4119,4140
4141,4144
4148,4169
4170,4215
4216,4370
4446,4495
4496,4540
4541,4544
