130,133
134,138
140,143
148,159
161,169
171,190
192,196
212,236
238,245
246,306
307,333
337,503
506,514
516,543
545,581
583,586
589,592
831,835
837,841
842,870
880,895
896,943
945,974
976,982
985,1087
1089,1111
1113,1123
1125,1131
1132,1199
1200,1269
1281,1288
1327,1338
1341,1394
1395,1460
1461,1478
1480,1490
1492,1575
1580,1627
1629,1646
1651,1694
1697,1756
1762,1765
1768,1792
1807,1817
1819,1833
1835,1846
1848,1927
1929,1949
1951,2030
2031,2052
2054,2123
2125,2217
2219,2284
2285,2298
2300,2303
2305,2369
2371,2442
2443,2491
2494,2498
2500,2522
2524,2531
2533,2565
2574,2579
2581,2586
2587,2634
2636,2711
2713,2784
2793,2839
2843,2992
2994,3002
3073,3081
3085,3095
3100,3109
3111,3176
3178,3255
3257,3270
3274,3284
3286,3291
3303,3323
3328,3336
3338,3342
3343,3388
3390,3393
3394,3402
3404,3455
3460,3481
3483,3511
3520,3605
3664,3673
3675,3713
3715,3726
3728,3761
3763,3778
3780,3848
3859,3863
3875,3885
3890,3982
3983,4065
4066,4071
4072,4161
