76,212
213,259
260,390
394,402
403,510
511,678
679,811
812,910
911,952
953,969
970,1018
1019,1111
1113,1129
1130,1280
1281,1364
1365,1451
1452,1455
1457,1611
1613,1685
1686,1968
1969,1986
1987,2055
2056,2099
2100,2103
2107,2151
2152,2189
2192,2254
2255,2268
2270,2301
2303,2337
2348,2354
2355,2362
2364,2391
2392,2414
2415,2457
2460,2512
2513,2607
2608,2647
2649,2653
2657,2660
2668,2678
2679,2710
2711,2733
2734,2827
2831,2914
2915,3023
3024,3072
3073,3108
3109,3166
3167,3184
3187,3190
3191,3277
3279,3373
3374,3436
3437,3453
3454,3472
3473,3561
3562,3613
3614,3619
3621,3626
3631,3646
3649,3666
3667,3800
3801,3841
3842,3990
