76,80
82,87
88,96
97,159
160,207
208,241
242,288
289,381
382,542
543,619
620,663
664,785
792,802
803,829
830,864
865,880
881,923
924,1002
1003,1016
1017,1033
1034,1043
1072,1161
1162,1218
1219,1326
1327,1344
1345,1422
1423,1498
1499,1502
1537,1548
1551,1654
1655,1713
1714,1755
1756,1832
1834,1838
1840,1848
1849,2012
2013,2016
2019,2081
2082,2210
2212,2357
2364,2394
2395,2398
2400,2405
2409,2472
2473,2528
2529,2540
2542,2571
2572,2656
2657,2721
2722,2786
2787,2886
2888,2891
2892,3023
3024,3036
3042,3046
3056,3062
3063,3111
3112,3154
3155,3229
3230,3252
3254,3326
3327,3432
3435,3472
3473,3534
3535,3574
3575,3592
3594,3630
3671,3675
3682,3711
3712,3750
3751,3784
3785,3797
3798,3882
3883,3890
