81,102
103,138
139,201
202,236
237,246
248,272
299,326
328,372
381,398
400,412
414,425
427,454
456,462
468,471
474,508
511,572
573,583
584,612
613,635
662,763
771,875
876,925
927,942
943,1011
1013,1043
1045,1055
1056,1101
1102,1117
1118,1123
1127,1130
1133,1138
1139,1142
1143,1146
1147,1235
1236,1331
1335,1364
1365,1431
1433,1488
1490,1576
1577,1659
1662,1833
1834,1851
1852,1890
1891,1912
1914,1941
1942,2082
2084,2099
2100,2165
2166,2175
2177,2181
2185,2224
2225,2267
2268,2316
2318,2341
2345,2348
2352,2355
2417,2525
2535,2551
2552,2617
2619,2623
2624,2641
2643,2718
2722,2727
2729,2733
2738,2741
2743,2751
2753,2759
2761,2771
2772,2819
2820,2863
2864,2963
2964,3027
3028,3065
3068,3099
3100,3128
3130,3148
3149,3221
3223,3238
3239,3262
3266,3366
3367,3462
3464,3469
3472,3478
3480,3495
3496,3576
3577,3581
3588,3635
3638,3641
3648,3658
3663,3675
3676,3683
3685,3704
3705,3728
3729,3772
3773,3806
3807,3811
