79,85
86,139
140,192
193,220
221,295
297,306
307,363
364,458
459,471
472,582
583,732
733,776
777,790
791,872
873,925
926,983
984,1010
1011,1191
1194,1229
1230,1264
1265,1364
1365,1698
1699,1769
1774,1777
1780,1817
1819,1823
1824,2073
2074,2142
2144,2221
2222,2266
2267,2361
2362,2427
2428,2450
2451,2491
2492,2593
2594,2687
2689,2699
2700,2718
2719,2825
2826,2861
2865,2894
2895,2959
2960,3019
3020,3084
3090,3115
3116,3203
3204,3267
3269,3346
3349,3374
3375,3408
3409,3424
3425,3443
3444,3575
3576,3626
3627,3649
3651,3729
3732,3738
