80,92
100,103
104,108
109,127
128,152
156,159
160,178
268,285
291,296
301,334
335,341
342,345
348,383
387,390
409,412
413,441
443,449
455,483
487,511
512,517
603,622
625,666
667,698
701,739
740,762
764,797
800,811
850,873
876,976
977,980
1161,1164
1167,1257
1259,1285
1290,1354
1355,1359
1361,1367
1369,1400
1401,1455
1457,1584
1585,1663
1677,1770
1773,1822
1823,2012
2013,2020
2021,2057
2058,2160
2161,2236
2239,2355
2356,2428
2429,2496
2498,2501
2502,2612
2613,2731
2735,2825
2847,2882
2896,2927
2930,3013
3014,3227
3228,3267
3268,3322
3324,3330
3331,3360
3361,3374
3375,3398
3399,3521
3522,3654
3655,3679
3680,3716
3717,3747
3748,3814
