79,96
103,117
118,164
166,178
192,230
231,281
282,333
334,377
378,418
419,466
467,470
472,492
551,554
571,596
600,672
673,708
709,807
808,857
858,880
881,914
915,954
955,1005
1007,1041
1042,1045
1047,1161
1162,1216
1217,1277
1281,1405
1448,1495
1498,1610
1611,1676
1677,1682
1684,1687
1688,1725
1726,1762
1763,1794
1795,1802
1803,1838
1844,1858
1860,1875
1880,1939
1940,2002
2003,2054
2055,2088
2089,2150
2152,2155
2161,2191
2192,2267
2268,2342
2343,2421
2422,2458
2459,2680
2684,2691
2692,2695
2696,2723
2724,2828
2829,2860
2861,2924
2925,2986
2987,3003
3004,3048
3049,3055
3058,3102
3103,3124
3125,3151
3154,3177
3182,3211
3212,3225
3226,3237
3238,3282
3283,3294
