77,83
84,180
181,330
331,363
364,378
379,447
449,453
454,551
555,678
679,756
757,884
885,915
916,944
945,999
1000,1025
1026,1046
1047,1097
1098,1143
1144,1152
1153,1202
1203,1232
1233,1261
1262,1338
1341,1346
1352,1397
1400,1488
1489,1574
1575,1671
1672,1746
1747,1785
1786,1807
1808,1823
1824,1870
1873,1878
1879,1888
1889,1934
1935,1952
1955,2007
2009,2068
2069,2091
2092,2180
2181,2190
2192,2203
2206,2212
2228,2300
2301,2399
2403,2471
2472,2527
2528,2580
2581,2633
2634,2687
2688,2714
2717,2729
2733,2736
2743,2782
2783,2790
2793,2844
2845,2863
2864,2949
2950,3000
3001,3041
3042,3091
3097,3102
