Recommended Number of Cluster (K) = 27
k = 24 ->Identify the TADs
3080000	6280000	
6320000	6680000	
6880000	7320000	
7360000	8560000	
8600000	9400000	
9480000	9600000	
9680000	10000000	
10040000	10160000	
10200000	10440000	
10480000	11080000	
11120000	11400000	
11800000	12600000	
12640000	13120000	
13160000	13960000	
14000000	15400000	
15440000	17280000	
17320000	19320000	
19360000	20120000	
20160000	20760000	
20800000	22120000	
22160000	24120000	
24160000	26240000	
26280000	27520000	
27560000	28880000	
28920000	30080000	
30120000	32960000	
33000000	40160000	
40200000	42360000	
42400000	43480000	
43600000	45320000	
45360000	49520000	
49640000	50600000	
50840000	53520000	
53560000	56720000	
56760000	58000000	
k = 25 ->Identify the TADs
3080000	6280000	
6320000	6680000	
6880000	7320000	
7360000	8560000	
8600000	9400000	
9480000	9600000	
9680000	10000000	
10040000	10160000	
10200000	10440000	
10480000	13040000	
13120000	13240000	
13280000	15360000	
15400000	17280000	
17320000	19320000	
19360000	20120000	
20160000	20760000	
20800000	22120000	
22160000	24120000	
24160000	26240000	
26280000	27520000	
27560000	28880000	
28920000	30080000	
30120000	32960000	
33000000	40200000	
40240000	42360000	
42400000	43480000	
43600000	45240000	
45360000	50560000	
50640000	53520000	
53560000	56720000	
56760000	58000000	
k = 26 ->Identify the TADs
3080000	6280000	
6320000	6680000	
6880000	7320000	
7360000	8560000	
8600000	9400000	
9480000	9600000	
9680000	10000000	
10040000	10160000	
10200000	10840000	
10880000	11040000	
11080000	11680000	
11800000	12560000	
12600000	13160000	
13200000	13960000	
14000000	15400000	
15440000	17280000	
17320000	19320000	
19360000	20120000	
20160000	20760000	
20800000	22120000	
22160000	24120000	
24160000	26240000	
26280000	27520000	
27560000	28880000	
28920000	30080000	
30120000	32960000	
33000000	40200000	
40240000	42360000	
42400000	43480000	
43600000	45320000	
45360000	49520000	
49640000	50600000	
50840000	53520000	
53560000	56720000	
56760000	58000000	
k = 27 ->Identify the TADs
3080000	6280000	
6320000	6680000	
6880000	7320000	
7360000	8560000	
8600000	9400000	
9480000	9600000	
9680000	10000000	
10040000	10160000	
10200000	10840000	
10880000	11040000	
11080000	11680000	
11800000	12560000	
12600000	13160000	
13200000	13960000	
14000000	15400000	
15440000	17280000	
17320000	19320000	
19360000	20120000	
20160000	20760000	
20800000	22120000	
22160000	24120000	
24160000	26240000	
26280000	27520000	
27560000	28880000	
28920000	30080000	
30120000	32960000	
33000000	40160000	
40200000	42360000	
42400000	43560000	
43600000	43920000	
43960000	45520000	
45560000	49520000	
49640000	50600000	
50840000	53520000	
53560000	56720000	
56760000	58000000	
k = 28 ->Identify the TADs
3080000	6280000	
6320000	6680000	
6880000	7320000	
7360000	8560000	
8600000	9400000	
9480000	9600000	
9680000	10000000	
10040000	10160000	
10200000	10840000	
10880000	11040000	
11080000	11680000	
11800000	12560000	
12600000	13160000	
13200000	13960000	
14000000	15400000	
15440000	17280000	
17320000	19320000	
19360000	20120000	
20160000	20760000	
20800000	22120000	
22160000	24120000	
24160000	26240000	
26280000	27480000	
27520000	28280000	
28320000	29040000	
29080000	30080000	
30120000	32960000	
33000000	40160000	
40200000	42360000	
42400000	43560000	
43600000	43920000	
43960000	45520000	
45560000	49520000	
49640000	50600000	
50840000	53520000	
53560000	56720000	
56760000	58000000	
k = 29 ->Identify the TADs
3080000	6280000	
6320000	6680000	
6880000	7320000	
7360000	8560000	
8600000	9400000	
9480000	9600000	
9680000	10000000	
10040000	10160000	
10200000	10840000	
10880000	11040000	
11080000	11680000	
11800000	12520000	
12560000	13160000	
13200000	13960000	
14000000	15400000	
15440000	17280000	
17320000	19320000	
19360000	20120000	
20160000	20760000	
20800000	22120000	
22160000	24120000	
24160000	26240000	
26280000	27480000	
27520000	28280000	
28320000	29040000	
29080000	30080000	
30120000	32960000	
33000000	40160000	
40200000	42360000	
42400000	43560000	
43600000	43920000	
43960000	45520000	
45560000	49360000	
49400000	51200000	
51240000	53520000	
53560000	56720000	
56760000	58000000	
k = 30 ->Identify the TADs
3080000	6280000	
6320000	6680000	
6880000	7320000	
7360000	8560000	
8600000	9400000	
9480000	9600000	
9680000	10000000	
10040000	10160000	
10200000	10840000	
10880000	11040000	
11080000	11680000	
11800000	12520000	
12560000	13160000	
13200000	13960000	
14000000	15400000	
15440000	17280000	
17320000	19320000	
19360000	20120000	
20160000	20760000	
20800000	21040000	
21200000	21880000	
21920000	22200000	
22240000	24120000	
24160000	26240000	
26280000	27480000	
27520000	28280000	
28320000	29040000	
29080000	30080000	
30120000	32960000	
33000000	40160000	
40200000	42360000	
42400000	43560000	
43600000	43920000	
43960000	45520000	
45560000	49360000	
49400000	51200000	
51240000	53520000	
53560000	56720000	
56760000	58000000	
Recommended Number of Cluster (K) = 9
k = 8 ->Identify the TADs
3080000	6280000	
6320000	6680000	
6880000	7320000	
7360000	8560000	
8600000	9400000	
9480000	9600000	
9680000	10000000	
10040000	10160000	
10200000	10440000	
10480000	11080000	
11120000	11400000	
11800000	12600000	
12640000	13120000	
13160000	13960000	
14000000	15400000	
15440000	17280000	
17320000	19320000	
19360000	20120000	
20160000	20760000	
20800000	22120000	
22160000	24120000	
24160000	26240000	
26280000	27520000	
27560000	28880000	
28920000	30080000	
30120000	32960000	
33000000	36040000	
36080000	36640000	
36680000	37080000	
37160000	37440000	
37480000	37800000	
37920000	38040000	
38120000	38640000	
38720000	39680000	
39720000	39840000	
39880000	40160000	
40200000	42360000	
42400000	43480000	
43600000	45320000	
45360000	49520000	
49640000	50600000	
50840000	53520000	
53560000	56720000	
56760000	58000000	
k = 9 ->Identify the TADs
3080000	6280000	
6320000	6680000	
6880000	7320000	
7360000	8560000	
8600000	9400000	
9480000	9600000	
9680000	10000000	
10040000	10160000	
10200000	10440000	
10480000	11080000	
11120000	11400000	
11800000	12600000	
12640000	13120000	
13160000	13960000	
14000000	15400000	
15440000	17280000	
17320000	19320000	
19360000	20120000	
20160000	20760000	
20800000	22120000	
22160000	24120000	
24160000	26240000	
26280000	27520000	
27560000	28880000	
28920000	30080000	
30120000	32960000	
33000000	36040000	
36080000	36640000	
36680000	37080000	
37160000	37440000	
37480000	37800000	
37920000	38040000	
38120000	38640000	
38720000	39680000	
39720000	39840000	
39880000	40160000	
40200000	42360000	
42400000	43480000	
43600000	45320000	
45360000	49520000	
49640000	50600000	
50840000	53520000	
53560000	56720000	
56760000	58000000	
k = 10 ->Identify the TADs
3080000	6280000	
6320000	6680000	
6880000	7320000	
7360000	8560000	
8600000	9400000	
9480000	9600000	
9680000	10000000	
10040000	10160000	
10200000	10440000	
10480000	11080000	
11120000	11400000	
11800000	12600000	
12640000	13120000	
13160000	13960000	
14000000	15400000	
15440000	17280000	
17320000	19320000	
19360000	20120000	
20160000	20760000	
20800000	22120000	
22160000	24120000	
24160000	26240000	
26280000	27520000	
27560000	28880000	
28920000	30080000	
30120000	32960000	
33000000	36040000	
36080000	36400000	
36440000	37080000	
37400000	38040000	
38120000	38240000	
38440000	38720000	
38840000	39680000	
39720000	39840000	
39880000	40160000	
40200000	42360000	
42400000	43480000	
43600000	45320000	
45360000	49520000	
49640000	50600000	
50840000	53520000	
53560000	56720000	
56760000	58000000	
Recommended Number of Cluster (K) = 7
k = 6 ->Identify the TADs
3080000	6280000	
6320000	6680000	
6880000	7320000	
7360000	8560000	
8600000	9400000	
9480000	9600000	
9680000	10000000	
10040000	10160000	
10200000	10440000	
10480000	11080000	
11120000	11400000	
11800000	12600000	
12640000	13120000	
13160000	13960000	
14000000	15400000	
15440000	17280000	
17320000	19320000	
19360000	20120000	
20160000	20760000	
20800000	22120000	
22160000	24120000	
24160000	26240000	
26280000	27520000	
27560000	28880000	
28920000	30080000	
30120000	32960000	
33000000	40160000	
40200000	42360000	
42400000	43480000	
43600000	45320000	
45360000	48400000	
48440000	49520000	
49640000	50600000	
50840000	53520000	
53560000	56720000	
56760000	58000000	
k = 7 ->Identify the TADs
3080000	6280000	
6320000	6680000	
6880000	7320000	
7360000	8560000	
8600000	9400000	
9480000	9600000	
9680000	10000000	
10040000	10160000	
10200000	10440000	
10480000	11080000	
11120000	11400000	
11800000	12600000	
12640000	13120000	
13160000	13960000	
14000000	15400000	
15440000	17280000	
17320000	19320000	
19360000	20120000	
20160000	20760000	
20800000	22120000	
22160000	24120000	
24160000	26240000	
26280000	27520000	
27560000	28880000	
28920000	30080000	
30120000	32960000	
33000000	40160000	
40200000	42360000	
42400000	43480000	
43600000	45320000	
45360000	48400000	
48440000	49520000	
49640000	50600000	
50840000	53520000	
53560000	56720000	
56760000	58000000	
k = 8 ->Identify the TADs
3080000	6280000	
6320000	6680000	
6880000	7320000	
7360000	8560000	
8600000	9400000	
9480000	9600000	
9680000	10000000	
10040000	10160000	
10200000	10440000	
10480000	11080000	
11120000	11400000	
11800000	12600000	
12640000	13120000	
13160000	13960000	
14000000	15400000	
15440000	17280000	
17320000	19320000	
19360000	20120000	
20160000	20760000	
20800000	22120000	
22160000	24120000	
24160000	26240000	
26280000	27520000	
27560000	28880000	
28920000	30080000	
30120000	32960000	
33000000	40160000	
40200000	42360000	
42400000	43480000	
43600000	45320000	
45360000	48400000	
48440000	49520000	
49640000	50600000	
50840000	53520000	
53560000	56720000	
56760000	58000000	
Recommended Number of Cluster (K) = 6
k = 5 ->Identify the TADs
0	6280000	
6320000	6680000	
6880000	7320000	
7360000	8560000	
8600000	9400000	
9480000	9600000	
9680000	10000000	
10040000	10160000	
10200000	10440000	
10480000	11080000	
11120000	11400000	
11800000	12600000	
12640000	13120000	
13160000	13960000	
14000000	15400000	
15440000	17280000	
17320000	19320000	
19360000	20120000	
20160000	20760000	
20800000	22120000	
22160000	24120000	
24160000	26240000	
26280000	27520000	
27560000	28880000	
28920000	30080000	
30120000	32960000	
33000000	40160000	
40200000	42360000	
42400000	43480000	
43600000	45320000	
45360000	49520000	
49640000	50600000	
50840000	53520000	
53560000	56720000	
56760000	58000000	
k = 6 ->Identify the TADs
0	6280000	
6320000	6680000	
6880000	7320000	
7360000	8560000	
8600000	9400000	
9480000	9600000	
9680000	10000000	
10040000	10160000	
10200000	10440000	
10480000	11080000	
11120000	11400000	
11800000	12600000	
12640000	13120000	
13160000	13960000	
14000000	15400000	
15440000	17280000	
17320000	19320000	
19360000	20120000	
20160000	20760000	
20800000	22120000	
22160000	24120000	
24160000	26240000	
26280000	27520000	
27560000	28880000	
28920000	30080000	
30120000	32960000	
33000000	40160000	
40200000	42360000	
42400000	43480000	
43600000	45320000	
45360000	49520000	
49640000	50600000	
50840000	53520000	
53560000	56720000	
56760000	58000000	
k = 7 ->Identify the TADs
0	6280000	
6320000	6680000	
6880000	7320000	
7360000	8560000	
8600000	9400000	
9480000	9600000	
9680000	10000000	
10040000	10160000	
10200000	10440000	
10480000	11080000	
11120000	11400000	
11800000	12600000	
12640000	13120000	
13160000	13960000	
14000000	15400000	
15440000	17280000	
17320000	19320000	
19360000	20120000	
20160000	20760000	
20800000	22120000	
22160000	24120000	
24160000	26240000	
26280000	27520000	
27560000	28880000	
28920000	30080000	
30120000	32960000	
33000000	40160000	
40200000	42360000	
42400000	43480000	
43600000	45320000	
45360000	49520000	
49640000	50600000	
50840000	53520000	
53560000	56720000	
56760000	58000000	
Recommended Number of Cluster (K) = 6
k = 5 ->Identify the TADs
3080000	6280000	
6320000	6680000	
6880000	7320000	
7360000	8560000	
8600000	9400000	
9480000	9600000	
9680000	10000000	
10040000	10160000	
10200000	10440000	
10480000	11080000	
11120000	11400000	
11800000	12600000	
12640000	13120000	
13160000	13960000	
14000000	15400000	
15440000	17280000	
17320000	19320000	
19360000	20120000	
20160000	20760000	
20800000	22120000	
22160000	24120000	
24160000	26240000	
26280000	27520000	
27560000	28880000	
28920000	30080000	
30120000	32960000	
33000000	40160000	
40200000	42360000	
42400000	43480000	
43600000	45320000	
45360000	49520000	
49640000	50600000	
50840000	53520000	
53560000	56600000	
56760000	58000000	
k = 6 ->Identify the TADs
3080000	6280000	
6320000	6680000	
6880000	7320000	
7360000	8560000	
8600000	9400000	
9480000	9600000	
9680000	10000000	
10040000	10160000	
10200000	10440000	
10480000	11080000	
11120000	11400000	
11800000	12600000	
12640000	13120000	
13160000	13960000	
14000000	15400000	
15440000	17280000	
17320000	19320000	
19360000	20120000	
20160000	20760000	
20800000	22120000	
22160000	24120000	
24160000	26240000	
26280000	27520000	
27560000	28880000	
28920000	30080000	
30120000	32960000	
33000000	40160000	
40200000	42360000	
42400000	43480000	
43600000	45320000	
45360000	49520000	
49640000	50600000	
50840000	53520000	
53560000	56600000	
56760000	58000000	
k = 7 ->Identify the TADs
3080000	6280000	
6320000	6680000	
6880000	7320000	
7360000	8560000	
8600000	9400000	
9480000	9600000	
9680000	10000000	
10040000	10160000	
10200000	10440000	
10480000	11080000	
11120000	11400000	
11800000	12600000	
12640000	13120000	
13160000	13960000	
14000000	15400000	
15440000	17280000	
17320000	19320000	
19360000	20120000	
20160000	20760000	
20800000	22120000	
22160000	24120000	
24160000	26240000	
26280000	27520000	
27560000	28880000	
28920000	30080000	
30120000	32960000	
33000000	40160000	
40200000	42360000	
42400000	43480000	
43600000	45320000	
45360000	49520000	
49640000	50600000	
50840000	53520000	
53560000	56600000	
56760000	58000000	
Recommended Number of Cluster (K) = 6
k = 5 ->Identify the TADs
3080000	6280000	
6320000	6680000	
6880000	7320000	
7360000	8560000	
8600000	9400000	
9480000	9600000	
9680000	10000000	
10040000	10160000	
10200000	10440000	
10480000	11080000	
11120000	11400000	
11800000	12600000	
12640000	13120000	
13160000	13960000	
14000000	15400000	
15440000	17280000	
17320000	19320000	
19360000	20120000	
20160000	20760000	
20800000	22120000	
22160000	24120000	
24160000	26240000	
26280000	27520000	
27560000	28880000	
28920000	30080000	
30120000	32960000	
33000000	40160000	
40200000	42360000	
42400000	43480000	
43600000	45320000	
45360000	49520000	
49640000	50600000	
50840000	53520000	
53560000	56720000	
56760000	58000000	
k = 6 ->Identify the TADs
3080000	6280000	
6320000	6680000	
6880000	7320000	
7360000	8560000	
8600000	9400000	
9480000	9600000	
9680000	10000000	
10040000	10160000	
10200000	10440000	
10480000	11080000	
11120000	11400000	
11800000	12600000	
12640000	13120000	
13160000	13960000	
14000000	15400000	
15440000	17280000	
17320000	19320000	
19360000	20120000	
20160000	20760000	
20800000	22120000	
22160000	24120000	
24160000	26240000	
26280000	27520000	
27560000	28880000	
28920000	30080000	
30120000	32960000	
33000000	40160000	
40200000	42360000	
42400000	43480000	
43600000	45320000	
45360000	49520000	
49640000	50600000	
50840000	53520000	
53560000	56720000	
56760000	58000000	
k = 7 ->Identify the TADs
3080000	6280000	
6320000	6680000	
6880000	7320000	
7360000	8560000	
8600000	9400000	
9480000	9600000	
9680000	10000000	
10040000	10160000	
10200000	10440000	
10480000	11080000	
11120000	11400000	
11800000	12600000	
12640000	13120000	
13160000	13960000	
14000000	15400000	
15440000	17280000	
17320000	19320000	
19360000	20120000	
20160000	20760000	
20800000	22120000	
22160000	24120000	
24160000	26240000	
26280000	27520000	
27560000	28880000	
28920000	30080000	
30120000	32960000	
33000000	40160000	
40200000	42360000	
42400000	43480000	
43600000	45320000	
45360000	49520000	
49640000	50600000	
50840000	53520000	
53560000	56720000	
56760000	58000000	
Recommended Number of Cluster (K) = 9
k = 8 ->Identify the TADs
3080000	6280000	
6320000	6680000	
6880000	7320000	
7360000	8560000	
8600000	9400000	
9480000	9600000	
9680000	10000000	
10040000	10160000	
10200000	10440000	
10480000	13040000	
13120000	13240000	
13280000	15360000	
15400000	17280000	
17320000	19320000	
19360000	20120000	
20160000	20760000	
20800000	22120000	
22160000	24120000	
24160000	26240000	
26280000	27520000	
27560000	28880000	
28920000	30080000	
30120000	32960000	
33000000	36040000	
36080000	36600000	
36680000	37080000	
37160000	37520000	
37640000	37760000	
37920000	38720000	
39000000	39680000	
39720000	39840000	
39960000	40080000	
40240000	42360000	
42400000	43480000	
43600000	45240000	
45360000	50560000	
50640000	53520000	
53560000	56720000	
56760000	58000000	
k = 9 ->Identify the TADs
3080000	6280000	
6320000	6680000	
6880000	7320000	
7360000	8560000	
8600000	9400000	
9480000	9600000	
9680000	10000000	
10040000	10160000	
10200000	10440000	
10480000	13040000	
13120000	13240000	
13280000	15360000	
15400000	17280000	
17320000	19320000	
19360000	20120000	
20160000	20760000	
20800000	22120000	
22160000	24120000	
24160000	26240000	
26280000	27520000	
27560000	28880000	
28920000	30080000	
30120000	32960000	
33000000	36040000	
36080000	36600000	
36680000	37080000	
37160000	37520000	
37640000	37760000	
37920000	38480000	
38560000	38720000	
39000000	39680000	
39720000	39840000	
39960000	40080000	
40240000	42360000	
42400000	43480000	
43600000	45240000	
45360000	50560000	
50640000	53520000	
53560000	56720000	
56760000	58000000	
k = 10 ->Identify the TADs
3080000	6280000	
6320000	6680000	
6880000	7320000	
7360000	8560000	
8600000	9400000	
9480000	9600000	
9680000	10000000	
10040000	10160000	
10200000	10440000	
10480000	13040000	
13120000	13240000	
13280000	15360000	
15400000	17280000	
17320000	19320000	
19360000	20120000	
20160000	20760000	
20800000	22120000	
22160000	24120000	
24160000	26240000	
26280000	27520000	
27560000	28880000	
28920000	30080000	
30120000	32960000	
33000000	36040000	
36080000	36600000	
36680000	37080000	
37160000	37520000	
37640000	37760000	
37920000	38480000	
38560000	38720000	
39000000	39120000	
39240000	39680000	
39720000	39840000	
39960000	40080000	
40240000	42360000	
42400000	43480000	
43600000	45240000	
45360000	50560000	
50640000	53520000	
53560000	56720000	
56760000	58000000	
Recommended Number of Cluster (K) = 8
k = 7 ->Identify the TADs
3080000	6280000	
6320000	6680000	
6880000	7320000	
7360000	8560000	
8600000	9400000	
9480000	9600000	
9680000	10000000	
10040000	10160000	
10200000	10440000	
10480000	13040000	
13120000	13240000	
13280000	15360000	
15400000	17280000	
17320000	19320000	
19360000	20120000	
20160000	20760000	
20800000	22120000	
22160000	24120000	
24160000	26240000	
26280000	27520000	
27560000	28880000	
28920000	30080000	
30120000	32960000	
33000000	40200000	
40240000	42360000	
42400000	43480000	
43600000	45240000	
45360000	49920000	
50000000	50360000	
50640000	53520000	
53560000	56720000	
56760000	58000000	
k = 8 ->Identify the TADs
3080000	6280000	
6320000	6680000	
6880000	7320000	
7360000	8560000	
8600000	9400000	
9480000	9600000	
9680000	10000000	
10040000	10160000	
10200000	10440000	
10480000	13040000	
13120000	13240000	
13280000	15360000	
15400000	17280000	
17320000	19320000	
19360000	20120000	
20160000	20760000	
20800000	22120000	
22160000	24120000	
24160000	26240000	
26280000	27520000	
27560000	28880000	
28920000	30080000	
30120000	32960000	
33000000	40200000	
40240000	42360000	
42400000	43480000	
43600000	45240000	
45360000	48400000	
48440000	49960000	
50000000	50360000	
50640000	53520000	
53560000	56720000	
56760000	58000000	
k = 9 ->Identify the TADs
3080000	6280000	
6320000	6680000	
6880000	7320000	
7360000	8560000	
8600000	9400000	
9480000	9600000	
9680000	10000000	
10040000	10160000	
10200000	10440000	
10480000	13040000	
13120000	13240000	
13280000	15360000	
15400000	17280000	
17320000	19320000	
19360000	20120000	
20160000	20760000	
20800000	22120000	
22160000	24120000	
24160000	26240000	
26280000	27520000	
27560000	28880000	
28920000	30080000	
30120000	32960000	
33000000	40200000	
40240000	42360000	
42400000	43480000	
43600000	45240000	
45360000	48400000	
48440000	48760000	
48840000	49960000	
50000000	50360000	
50640000	53520000	
53560000	56720000	
56760000	58000000	
Recommended Number of Cluster (K) = 6
k = 5 ->Identify the TADs
0	6280000	
6320000	6680000	
6880000	7320000	
7360000	8560000	
8600000	9400000	
9480000	9600000	
9680000	10000000	
10040000	10160000	
10200000	10440000	
10480000	13040000	
13120000	13240000	
13280000	15360000	
15400000	17280000	
17320000	19320000	
19360000	20120000	
20160000	20760000	
20800000	22120000	
22160000	24120000	
24160000	26240000	
26280000	27520000	
27560000	28880000	
28920000	30080000	
30120000	32960000	
33000000	40200000	
40240000	42360000	
42400000	43480000	
43600000	45240000	
45360000	50560000	
50640000	53520000	
53560000	56720000	
56760000	58000000	
k = 6 ->Identify the TADs
0	6280000	
6320000	6680000	
6880000	7320000	
7360000	8560000	
8600000	9400000	
9480000	9600000	
9680000	10000000	
10040000	10160000	
10200000	10440000	
10480000	13040000	
13120000	13240000	
13280000	15360000	
15400000	17280000	
17320000	19320000	
19360000	20120000	
20160000	20760000	
20800000	22120000	
22160000	24120000	
24160000	26240000	
26280000	27520000	
27560000	28880000	
28920000	30080000	
30120000	32960000	
33000000	40200000	
40240000	42360000	
42400000	43480000	
43600000	45240000	
45360000	50560000	
50640000	53520000	
53560000	56720000	
56760000	58000000	
k = 7 ->Identify the TADs
0	6280000	
6320000	6680000	
6880000	7320000	
7360000	8560000	
8600000	9400000	
9480000	9600000	
9680000	10000000	
10040000	10160000	
10200000	10440000	
10480000	13040000	
13120000	13240000	
13280000	15360000	
15400000	17280000	
17320000	19320000	
19360000	20120000	
20160000	20760000	
20800000	22120000	
22160000	24120000	
24160000	26240000	
26280000	27520000	
27560000	28880000	
28920000	30080000	
30120000	32960000	
33000000	40200000	
40240000	42360000	
42400000	43480000	
43600000	45240000	
45360000	50560000	
50640000	53520000	
53560000	56720000	
56760000	58000000	
Recommended Number of Cluster (K) = 6
k = 5 ->Identify the TADs
3080000	6280000	
6320000	6680000	
6880000	7320000	
7360000	8560000	
8600000	9400000	
9480000	9600000	
9680000	10000000	
10040000	10160000	
10200000	10440000	
10480000	13040000	
13120000	13240000	
13280000	15360000	
15400000	17280000	
17320000	19320000	
19360000	20120000	
20160000	20760000	
20800000	22120000	
22160000	24120000	
24160000	26240000	
26280000	27520000	
27560000	28880000	
28920000	30080000	
30120000	32960000	
33000000	40200000	
40240000	42360000	
42400000	43480000	
43600000	45240000	
45360000	50560000	
50640000	53520000	
53560000	56600000	
56760000	58000000	
k = 6 ->Identify the TADs
3080000	6280000	
6320000	6680000	
6880000	7320000	
7360000	8560000	
8600000	9400000	
9480000	9600000	
9680000	10000000	
10040000	10160000	
10200000	10440000	
10480000	13040000	
13120000	13240000	
13280000	15360000	
15400000	17280000	
17320000	19320000	
19360000	20120000	
20160000	20760000	
20800000	22120000	
22160000	24120000	
24160000	26240000	
26280000	27520000	
27560000	28880000	
28920000	30080000	
30120000	32960000	
33000000	40200000	
40240000	42360000	
42400000	43480000	
43600000	45240000	
45360000	50560000	
50640000	53520000	
53560000	56600000	
56760000	58000000	
k = 7 ->Identify the TADs
3080000	6280000	
6320000	6680000	
6880000	7320000	
7360000	8560000	
8600000	9400000	
9480000	9600000	
9680000	10000000	
10040000	10160000	
10200000	10440000	
10480000	13040000	
13120000	13240000	
13280000	15360000	
15400000	17280000	
17320000	19320000	
19360000	20120000	
20160000	20760000	
20800000	22120000	
22160000	24120000	
24160000	26240000	
26280000	27520000	
27560000	28880000	
28920000	30080000	
30120000	32960000	
33000000	40200000	
40240000	42360000	
42400000	43480000	
43600000	45240000	
45360000	50560000	
50640000	53520000	
53560000	56600000	
56760000	58000000	
Recommended Number of Cluster (K) = 9
k = 8 ->Identify the TADs
3080000	6280000	
6320000	6680000	
6880000	7320000	
7360000	8560000	
8600000	9400000	
9480000	9600000	
9680000	10000000	
10040000	10160000	
10200000	10840000	
10880000	11040000	
11080000	11680000	
11800000	12560000	
12600000	13160000	
13200000	13960000	
14000000	15400000	
15440000	17280000	
17320000	19320000	
19360000	20120000	
20160000	20760000	
20800000	22120000	
22160000	24120000	
24160000	26240000	
26280000	27520000	
27560000	28880000	
28920000	30080000	
30120000	32960000	
33000000	36040000	
36080000	36600000	
36680000	37080000	
37160000	37520000	
37640000	37760000	
37920000	38720000	
39000000	39680000	
39720000	39840000	
39960000	40080000	
40240000	42360000	
42400000	43480000	
43600000	45320000	
45360000	49520000	
49640000	50600000	
50840000	53520000	
53560000	56720000	
56760000	58000000	
k = 9 ->Identify the TADs
3080000	6280000	
6320000	6680000	
6880000	7320000	
7360000	8560000	
8600000	9400000	
9480000	9600000	
9680000	10000000	
10040000	10160000	
10200000	10840000	
10880000	11040000	
11080000	11680000	
11800000	12560000	
12600000	13160000	
13200000	13960000	
14000000	15400000	
15440000	17280000	
17320000	19320000	
19360000	20120000	
20160000	20760000	
20800000	22120000	
22160000	24120000	
24160000	26240000	
26280000	27520000	
27560000	28880000	
28920000	30080000	
30120000	32960000	
33000000	36040000	
36080000	36600000	
36680000	37080000	
37160000	37520000	
37640000	37760000	
37920000	38480000	
38560000	38720000	
39000000	39680000	
39720000	39840000	
39960000	40080000	
40240000	42360000	
42400000	43480000	
43600000	45320000	
45360000	49520000	
49640000	50600000	
50840000	53520000	
53560000	56720000	
56760000	58000000	
k = 10 ->Identify the TADs
3080000	6280000	
6320000	6680000	
6880000	7320000	
7360000	8560000	
8600000	9400000	
9480000	9600000	
9680000	10000000	
10040000	10160000	
10200000	10840000	
10880000	11040000	
11080000	11680000	
11800000	12560000	
12600000	13160000	
13200000	13960000	
14000000	15400000	
15440000	17280000	
17320000	19320000	
19360000	20120000	
20160000	20760000	
20800000	22120000	
22160000	24120000	
24160000	26240000	
26280000	27520000	
27560000	28880000	
28920000	30080000	
30120000	32960000	
33000000	36040000	
36080000	36600000	
36680000	37080000	
37160000	37520000	
37640000	37760000	
37920000	38480000	
38560000	38720000	
39000000	39120000	
39240000	39680000	
39720000	39840000	
39960000	40080000	
40240000	42360000	
42400000	43480000	
43600000	45320000	
45360000	49520000	
49640000	50600000	
50840000	53520000	
53560000	56720000	
56760000	58000000	
Recommended Number of Cluster (K) = 7
k = 6 ->Identify the TADs
3080000	6280000	
6320000	6680000	
6880000	7320000	
7360000	8560000	
8600000	9400000	
9480000	9600000	
9680000	10000000	
10040000	10160000	
10200000	10840000	
10880000	11040000	
11080000	11680000	
11800000	12560000	
12600000	13160000	
13200000	13960000	
14000000	15400000	
15440000	17280000	
17320000	19320000	
19360000	20120000	
20160000	20760000	
20800000	22120000	
22160000	24120000	
24160000	26240000	
26280000	27520000	
27560000	28880000	
28920000	30080000	
30120000	32960000	
33000000	40200000	
40240000	42360000	
42400000	43480000	
43600000	45320000	
45360000	48400000	
48440000	49520000	
49640000	50600000	
50840000	53520000	
53560000	56720000	
56760000	58000000	
k = 7 ->Identify the TADs
3080000	6280000	
6320000	6680000	
6880000	7320000	
7360000	8560000	
8600000	9400000	
9480000	9600000	
9680000	10000000	
10040000	10160000	
10200000	10840000	
10880000	11040000	
11080000	11680000	
11800000	12560000	
12600000	13160000	
13200000	13960000	
14000000	15400000	
15440000	17280000	
17320000	19320000	
19360000	20120000	
20160000	20760000	
20800000	22120000	
22160000	24120000	
24160000	26240000	
26280000	27520000	
27560000	28880000	
28920000	30080000	
30120000	32960000	
33000000	40200000	
40240000	42360000	
42400000	43480000	
43600000	45320000	
45360000	48400000	
48440000	49520000	
49640000	50600000	
50840000	53520000	
53560000	56720000	
56760000	58000000	
k = 8 ->Identify the TADs
3080000	6280000	
6320000	6680000	
6880000	7320000	
7360000	8560000	
8600000	9400000	
9480000	9600000	
9680000	10000000	
10040000	10160000	
10200000	10840000	
10880000	11040000	
11080000	11680000	
11800000	12560000	
12600000	13160000	
13200000	13960000	
14000000	15400000	
15440000	17280000	
17320000	19320000	
19360000	20120000	
20160000	20760000	
20800000	22120000	
22160000	24120000	
24160000	26240000	
26280000	27520000	
27560000	28880000	
28920000	30080000	
30120000	32960000	
33000000	40200000	
40240000	42360000	
42400000	43480000	
43600000	45320000	
45360000	48400000	
48440000	49520000	
49640000	50600000	
50840000	53520000	
53560000	56720000	
56760000	58000000	
Recommended Number of Cluster (K) = 6
k = 5 ->Identify the TADs
0	6280000	
6320000	6680000	
6880000	7320000	
7360000	8560000	
8600000	9400000	
9480000	9600000	
9680000	10000000	
10040000	10160000	
10200000	10840000	
10880000	11040000	
11080000	11680000	
11800000	12560000	
12600000	13160000	
13200000	13960000	
14000000	15400000	
15440000	17280000	
17320000	19320000	
19360000	20120000	
20160000	20760000	
20800000	22120000	
22160000	24120000	
24160000	26240000	
26280000	27520000	
27560000	28880000	
28920000	30080000	
30120000	32960000	
33000000	40200000	
40240000	42360000	
42400000	43480000	
43600000	45320000	
45360000	49520000	
49640000	50600000	
50840000	53520000	
53560000	56720000	
56760000	58000000	
k = 6 ->Identify the TADs
0	6280000	
6320000	6680000	
6880000	7320000	
7360000	8560000	
8600000	9400000	
9480000	9600000	
9680000	10000000	
10040000	10160000	
10200000	10840000	
10880000	11040000	
11080000	11680000	
11800000	12560000	
12600000	13160000	
13200000	13960000	
14000000	15400000	
15440000	17280000	
17320000	19320000	
19360000	20120000	
20160000	20760000	
20800000	22120000	
22160000	24120000	
24160000	26240000	
26280000	27520000	
27560000	28880000	
28920000	30080000	
30120000	32960000	
33000000	40200000	
40240000	42360000	
42400000	43480000	
43600000	45320000	
45360000	49520000	
49640000	50600000	
50840000	53520000	
53560000	56720000	
56760000	58000000	
k = 7 ->Identify the TADs
0	6280000	
6320000	6680000	
6880000	7320000	
7360000	8560000	
8600000	9400000	
9480000	9600000	
9680000	10000000	
10040000	10160000	
10200000	10840000	
10880000	11040000	
11080000	11680000	
11800000	12560000	
12600000	13160000	
13200000	13960000	
14000000	15400000	
15440000	17280000	
17320000	19320000	
19360000	20120000	
20160000	20760000	
20800000	22120000	
22160000	24120000	
24160000	26240000	
26280000	27520000	
27560000	28880000	
28920000	30080000	
30120000	32960000	
33000000	40200000	
40240000	42360000	
42400000	43480000	
43600000	45320000	
45360000	49520000	
49640000	50600000	
50840000	53520000	
53560000	56720000	
56760000	58000000	
Recommended Number of Cluster (K) = 6
k = 5 ->Identify the TADs
3080000	6280000	
6320000	6680000	
6880000	7320000	
7360000	8560000	
8600000	9400000	
9480000	9600000	
9680000	10000000	
10040000	10160000	
10200000	10840000	
10880000	11040000	
11080000	11680000	
11800000	12560000	
12600000	13160000	
13200000	13960000	
14000000	15400000	
15440000	17280000	
17320000	19320000	
19360000	20120000	
20160000	20760000	
20800000	22120000	
22160000	24120000	
24160000	26240000	
26280000	27520000	
27560000	28880000	
28920000	30080000	
30120000	32960000	
33000000	40200000	
40240000	42360000	
42400000	43480000	
43600000	45320000	
45360000	49520000	
49640000	50600000	
50840000	53520000	
53560000	56600000	
56760000	58000000	
k = 6 ->Identify the TADs
3080000	6280000	
6320000	6680000	
6880000	7320000	
7360000	8560000	
8600000	9400000	
9480000	9600000	
9680000	10000000	
10040000	10160000	
10200000	10840000	
10880000	11040000	
11080000	11680000	
11800000	12560000	
12600000	13160000	
13200000	13960000	
14000000	15400000	
15440000	17280000	
17320000	19320000	
19360000	20120000	
20160000	20760000	
20800000	22120000	
22160000	24120000	
24160000	26240000	
26280000	27520000	
27560000	28880000	
28920000	30080000	
30120000	32960000	
33000000	40200000	
40240000	42360000	
42400000	43480000	
43600000	45320000	
45360000	49520000	
49640000	50600000	
50840000	53520000	
53560000	56600000	
56760000	58000000	
k = 7 ->Identify the TADs
3080000	6280000	
6320000	6680000	
6880000	7320000	
7360000	8560000	
8600000	9400000	
9480000	9600000	
9680000	10000000	
10040000	10160000	
10200000	10840000	
10880000	11040000	
11080000	11680000	
11800000	12560000	
12600000	13160000	
13200000	13960000	
14000000	15400000	
15440000	17280000	
17320000	19320000	
19360000	20120000	
20160000	20760000	
20800000	22120000	
22160000	24120000	
24160000	26240000	
26280000	27520000	
27560000	28880000	
28920000	30080000	
30120000	32960000	
33000000	40200000	
40240000	42360000	
42400000	43480000	
43600000	45320000	
45360000	49520000	
49640000	50600000	
50840000	53520000	
53560000	56600000	
56760000	58000000	
Recommended Number of Cluster (K) = 9
k = 8 ->Identify the TADs
3080000	6280000	
6320000	6680000	
6880000	7320000	
7360000	8560000	
8600000	9400000	
9480000	9600000	
9680000	10000000	
10040000	10160000	
10200000	10840000	
10880000	11040000	
11080000	11680000	
11800000	12560000	
12600000	13160000	
13200000	13960000	
14000000	15400000	
15440000	17280000	
17320000	19320000	
19360000	20120000	
20160000	20760000	
20800000	22120000	
22160000	24120000	
24160000	26240000	
26280000	27520000	
27560000	28880000	
28920000	30080000	
30120000	32960000	
33000000	36040000	
36080000	36640000	
36680000	37080000	
37160000	37440000	
37480000	37800000	
37920000	38040000	
38120000	38640000	
38720000	39680000	
39720000	39840000	
39880000	40160000	
40200000	42360000	
42400000	43560000	
43600000	43920000	
43960000	45520000	
45560000	49520000	
49640000	50600000	
50840000	53520000	
53560000	56720000	
56760000	58000000	
k = 9 ->Identify the TADs
3080000	6280000	
6320000	6680000	
6880000	7320000	
7360000	8560000	
8600000	9400000	
9480000	9600000	
9680000	10000000	
10040000	10160000	
10200000	10840000	
10880000	11040000	
11080000	11680000	
11800000	12560000	
12600000	13160000	
13200000	13960000	
14000000	15400000	
15440000	17280000	
17320000	19320000	
19360000	20120000	
20160000	20760000	
20800000	22120000	
22160000	24120000	
24160000	26240000	
26280000	27520000	
27560000	28880000	
28920000	30080000	
30120000	32960000	
33000000	36040000	
36080000	36640000	
36680000	37080000	
37160000	37440000	
37480000	37800000	
37920000	38040000	
38120000	38640000	
38720000	39680000	
39720000	39840000	
39880000	40160000	
40200000	42360000	
42400000	43560000	
43600000	43920000	
43960000	45520000	
45560000	49520000	
49640000	50600000	
50840000	53520000	
53560000	56720000	
56760000	58000000	
k = 10 ->Identify the TADs
3080000	6280000	
6320000	6680000	
6880000	7320000	
7360000	8560000	
8600000	9400000	
9480000	9600000	
9680000	10000000	
10040000	10160000	
10200000	10840000	
10880000	11040000	
11080000	11680000	
11800000	12560000	
12600000	13160000	
13200000	13960000	
14000000	15400000	
15440000	17280000	
17320000	19320000	
19360000	20120000	
20160000	20760000	
20800000	22120000	
22160000	24120000	
24160000	26240000	
26280000	27520000	
27560000	28880000	
28920000	30080000	
30120000	32960000	
33000000	36040000	
36080000	36400000	
36440000	37080000	
37400000	38040000	
38120000	38240000	
38440000	38720000	
38840000	39680000	
39720000	39840000	
39880000	40160000	
40200000	42360000	
42400000	43560000	
43600000	43920000	
43960000	45520000	
45560000	49520000	
49640000	50600000	
50840000	53520000	
53560000	56720000	
56760000	58000000	
Recommended Number of Cluster (K) = 7
k = 6 ->Identify the TADs
3080000	6280000	
6320000	6680000	
6880000	7320000	
7360000	8560000	
8600000	9400000	
9480000	9600000	
9680000	10000000	
10040000	10160000	
10200000	10840000	
10880000	11040000	
11080000	11680000	
11800000	12560000	
12600000	13160000	
13200000	13960000	
14000000	15400000	
15440000	17280000	
17320000	19320000	
19360000	20120000	
20160000	20760000	
20800000	22120000	
22160000	24120000	
24160000	26240000	
26280000	27520000	
27560000	28880000	
28920000	30080000	
30120000	32960000	
33000000	40160000	
40200000	42360000	
42400000	43560000	
43600000	43920000	
43960000	45520000	
45560000	48600000	
48640000	49120000	
49200000	49400000	
49640000	50600000	
50840000	53520000	
53560000	56720000	
56760000	58000000	
k = 7 ->Identify the TADs
3080000	6280000	
6320000	6680000	
6880000	7320000	
7360000	8560000	
8600000	9400000	
9480000	9600000	
9680000	10000000	
10040000	10160000	
10200000	10840000	
10880000	11040000	
11080000	11680000	
11800000	12560000	
12600000	13160000	
13200000	13960000	
14000000	15400000	
15440000	17280000	
17320000	19320000	
19360000	20120000	
20160000	20760000	
20800000	22120000	
22160000	24120000	
24160000	26240000	
26280000	27520000	
27560000	28880000	
28920000	30080000	
30120000	32960000	
33000000	40160000	
40200000	42360000	
42400000	43560000	
43600000	43920000	
43960000	45520000	
45560000	48600000	
48640000	49120000	
49640000	50600000	
50840000	53520000	
53560000	56720000	
56760000	58000000	
k = 8 ->Identify the TADs
3080000	6280000	
6320000	6680000	
6880000	7320000	
7360000	8560000	
8600000	9400000	
9480000	9600000	
9680000	10000000	
10040000	10160000	
10200000	10840000	
10880000	11040000	
11080000	11680000	
11800000	12560000	
12600000	13160000	
13200000	13960000	
14000000	15400000	
15440000	17280000	
17320000	19320000	
19360000	20120000	
20160000	20760000	
20800000	22120000	
22160000	24120000	
24160000	26240000	
26280000	27520000	
27560000	28880000	
28920000	30080000	
30120000	32960000	
33000000	40160000	
40200000	42360000	
42400000	43560000	
43600000	43920000	
43960000	45520000	
45560000	48600000	
48640000	49120000	
49640000	50600000	
50840000	53520000	
53560000	56720000	
56760000	58000000	
Recommended Number of Cluster (K) = 6
k = 5 ->Identify the TADs
0	6280000	
6320000	6680000	
6880000	7320000	
7360000	8560000	
8600000	9400000	
9480000	9600000	
9680000	10000000	
10040000	10160000	
10200000	10840000	
10880000	11040000	
11080000	11680000	
11800000	12560000	
12600000	13160000	
13200000	13960000	
14000000	15400000	
15440000	17280000	
17320000	19320000	
19360000	20120000	
20160000	20760000	
20800000	22120000	
22160000	24120000	
24160000	26240000	
26280000	27520000	
27560000	28880000	
28920000	30080000	
30120000	32960000	
33000000	40160000	
40200000	42360000	
42400000	43560000	
43600000	43920000	
43960000	45520000	
45560000	49520000	
49640000	50600000	
50840000	53520000	
53560000	56720000	
56760000	58000000	
k = 6 ->Identify the TADs
0	6280000	
6320000	6680000	
6880000	7320000	
7360000	8560000	
8600000	9400000	
9480000	9600000	
9680000	10000000	
10040000	10160000	
10200000	10840000	
10880000	11040000	
11080000	11680000	
11800000	12560000	
12600000	13160000	
13200000	13960000	
14000000	15400000	
15440000	17280000	
17320000	19320000	
19360000	20120000	
20160000	20760000	
20800000	22120000	
22160000	24120000	
24160000	26240000	
26280000	27520000	
27560000	28880000	
28920000	30080000	
30120000	32960000	
33000000	40160000	
40200000	42360000	
42400000	43560000	
43600000	43920000	
43960000	45520000	
45560000	49520000	
49640000	50600000	
50840000	53520000	
53560000	56720000	
56760000	58000000	
k = 7 ->Identify the TADs
0	6280000	
6320000	6680000	
6880000	7320000	
7360000	8560000	
8600000	9400000	
9480000	9600000	
9680000	10000000	
10040000	10160000	
10200000	10840000	
10880000	11040000	
11080000	11680000	
11800000	12560000	
12600000	13160000	
13200000	13960000	
14000000	15400000	
15440000	17280000	
17320000	19320000	
19360000	20120000	
20160000	20760000	
20800000	22120000	
22160000	24120000	
24160000	26240000	
26280000	27520000	
27560000	28880000	
28920000	30080000	
30120000	32960000	
33000000	40160000	
40200000	42360000	
42400000	43560000	
43600000	43920000	
43960000	45520000	
45560000	49520000	
49640000	50600000	
50840000	53520000	
53560000	56720000	
56760000	58000000	
Recommended Number of Cluster (K) = 6
k = 5 ->Identify the TADs
3080000	6280000	
6320000	6680000	
6880000	7320000	
7360000	8560000	
8600000	9400000	
9480000	9600000	
9680000	10000000	
10040000	10160000	
10200000	10840000	
10880000	11040000	
11080000	11680000	
11800000	12560000	
12600000	13160000	
13200000	13960000	
14000000	15400000	
15440000	17280000	
17320000	19320000	
19360000	20120000	
20160000	20760000	
20800000	22120000	
22160000	24120000	
24160000	26240000	
26280000	27520000	
27560000	28880000	
28920000	30080000	
30120000	32960000	
33000000	40160000	
40200000	42360000	
42400000	43560000	
43600000	43920000	
43960000	45520000	
45560000	49520000	
49640000	50600000	
50840000	53520000	
53560000	56600000	
56760000	58000000	
k = 6 ->Identify the TADs
3080000	6280000	
6320000	6680000	
6880000	7320000	
7360000	8560000	
8600000	9400000	
9480000	9600000	
9680000	10000000	
10040000	10160000	
10200000	10840000	
10880000	11040000	
11080000	11680000	
11800000	12560000	
12600000	13160000	
13200000	13960000	
14000000	15400000	
15440000	17280000	
17320000	19320000	
19360000	20120000	
20160000	20760000	
20800000	22120000	
22160000	24120000	
24160000	26240000	
26280000	27520000	
27560000	28880000	
28920000	30080000	
30120000	32960000	
33000000	40160000	
40200000	42360000	
42400000	43560000	
43600000	43920000	
43960000	45520000	
45560000	49520000	
49640000	50600000	
50840000	53520000	
53560000	56600000	
56760000	58000000	
k = 7 ->Identify the TADs
3080000	6280000	
6320000	6680000	
6880000	7320000	
7360000	8560000	
8600000	9400000	
9480000	9600000	
9680000	10000000	
10040000	10160000	
10200000	10840000	
10880000	11040000	
11080000	11680000	
11800000	12560000	
12600000	13160000	
13200000	13960000	
14000000	15400000	
15440000	17280000	
17320000	19320000	
19360000	20120000	
20160000	20760000	
20800000	22120000	
22160000	24120000	
24160000	26240000	
26280000	27520000	
27560000	28880000	
28920000	30080000	
30120000	32960000	
33000000	40160000	
40200000	42360000	
42400000	43560000	
43600000	43920000	
43960000	45520000	
45560000	49520000	
49640000	50600000	
50840000	53520000	
53560000	56600000	
56760000	58000000	
Recommended Number of Cluster (K) = 9
k = 8 ->Identify the TADs
3080000	6280000	
6320000	6680000	
6880000	7320000	
7360000	8560000	
8600000	9400000	
9480000	9600000	
9680000	10000000	
10040000	10160000	
10200000	10840000	
10880000	11040000	
11080000	11680000	
11800000	12560000	
12600000	13160000	
13200000	13960000	
14000000	15400000	
15440000	17280000	
17320000	19320000	
19360000	20120000	
20160000	20760000	
20800000	22120000	
22160000	24120000	
24160000	26240000	
26280000	27480000	
27520000	28280000	
28320000	29040000	
29080000	30080000	
30120000	32960000	
33000000	36040000	
36080000	36640000	
36680000	37080000	
37160000	37440000	
37480000	37800000	
37920000	38040000	
38120000	38640000	
38720000	39680000	
39720000	39840000	
39880000	40160000	
40200000	42360000	
42400000	43560000	
43600000	43920000	
43960000	45520000	
45560000	49520000	
49640000	50600000	
50840000	53520000	
53560000	56720000	
56760000	58000000	
k = 9 ->Identify the TADs
3080000	6280000	
6320000	6680000	
6880000	7320000	
7360000	8560000	
8600000	9400000	
9480000	9600000	
9680000	10000000	
10040000	10160000	
10200000	10840000	
10880000	11040000	
11080000	11680000	
11800000	12560000	
12600000	13160000	
13200000	13960000	
14000000	15400000	
15440000	17280000	
17320000	19320000	
19360000	20120000	
20160000	20760000	
20800000	22120000	
22160000	24120000	
24160000	26240000	
26280000	27480000	
27520000	28280000	
28320000	29040000	
29080000	30080000	
30120000	32960000	
33000000	36040000	
36080000	36640000	
36680000	37080000	
37160000	37440000	
37480000	37800000	
37920000	38040000	
38120000	38640000	
38720000	39680000	
39720000	39840000	
39880000	40160000	
40200000	42360000	
42400000	43560000	
43600000	43920000	
43960000	45520000	
45560000	49520000	
49640000	50600000	
50840000	53520000	
53560000	56720000	
56760000	58000000	
k = 10 ->Identify the TADs
3080000	6280000	
6320000	6680000	
6880000	7320000	
7360000	8560000	
8600000	9400000	
9480000	9600000	
9680000	10000000	
10040000	10160000	
10200000	10840000	
10880000	11040000	
11080000	11680000	
11800000	12560000	
12600000	13160000	
13200000	13960000	
14000000	15400000	
15440000	17280000	
17320000	19320000	
19360000	20120000	
20160000	20760000	
20800000	22120000	
22160000	24120000	
24160000	26240000	
26280000	27480000	
27520000	28280000	
28320000	29040000	
29080000	30080000	
30120000	32960000	
33000000	36040000	
36080000	36400000	
36440000	37080000	
37400000	38040000	
38120000	38240000	
38440000	38720000	
38840000	39680000	
39720000	39840000	
39880000	40160000	
40200000	42360000	
42400000	43560000	
43600000	43920000	
43960000	45520000	
45560000	49520000	
49640000	50600000	
50840000	53520000	
53560000	56720000	
56760000	58000000	
Recommended Number of Cluster (K) = 7
k = 6 ->Identify the TADs
3080000	6280000	
6320000	6680000	
6880000	7320000	
7360000	8560000	
8600000	9400000	
9480000	9600000	
9680000	10000000	
10040000	10160000	
10200000	10840000	
10880000	11040000	
11080000	11680000	
11800000	12560000	
12600000	13160000	
13200000	13960000	
14000000	15400000	
15440000	17280000	
17320000	19320000	
19360000	20120000	
20160000	20760000	
20800000	22120000	
22160000	24120000	
24160000	26240000	
26280000	27480000	
27520000	28280000	
28320000	29040000	
29080000	30080000	
30120000	32960000	
33000000	40160000	
40200000	42360000	
42400000	43560000	
43600000	43920000	
43960000	45520000	
45560000	48600000	
48640000	49120000	
49200000	49400000	
49640000	50600000	
50840000	53520000	
53560000	56720000	
56760000	58000000	
k = 7 ->Identify the TADs
3080000	6280000	
6320000	6680000	
6880000	7320000	
7360000	8560000	
8600000	9400000	
9480000	9600000	
9680000	10000000	
10040000	10160000	
10200000	10840000	
10880000	11040000	
11080000	11680000	
11800000	12560000	
12600000	13160000	
13200000	13960000	
14000000	15400000	
15440000	17280000	
17320000	19320000	
19360000	20120000	
20160000	20760000	
20800000	22120000	
22160000	24120000	
24160000	26240000	
26280000	27480000	
27520000	28280000	
28320000	29040000	
29080000	30080000	
30120000	32960000	
33000000	40160000	
40200000	42360000	
42400000	43560000	
43600000	43920000	
43960000	45520000	
45560000	48600000	
48640000	49120000	
49640000	50600000	
50840000	53520000	
53560000	56720000	
56760000	58000000	
k = 8 ->Identify the TADs
3080000	6280000	
6320000	6680000	
6880000	7320000	
7360000	8560000	
8600000	9400000	
9480000	9600000	
9680000	10000000	
10040000	10160000	
10200000	10840000	
10880000	11040000	
11080000	11680000	
11800000	12560000	
12600000	13160000	
13200000	13960000	
14000000	15400000	
15440000	17280000	
17320000	19320000	
19360000	20120000	
20160000	20760000	
20800000	22120000	
22160000	24120000	
24160000	26240000	
26280000	27480000	
27520000	28280000	
28320000	29040000	
29080000	30080000	
30120000	32960000	
33000000	40160000	
40200000	42360000	
42400000	43560000	
43600000	43920000	
43960000	45520000	
45560000	48600000	
48640000	49120000	
49640000	50600000	
50840000	53520000	
53560000	56720000	
56760000	58000000	
Recommended Number of Cluster (K) = 6
k = 5 ->Identify the TADs
0	6280000	
6320000	6680000	
6880000	7320000	
7360000	8560000	
8600000	9400000	
9480000	9600000	
9680000	10000000	
10040000	10160000	
10200000	10840000	
10880000	11040000	
11080000	11680000	
11800000	12560000	
12600000	13160000	
13200000	13960000	
14000000	15400000	
15440000	17280000	
17320000	19320000	
19360000	20120000	
20160000	20760000	
20800000	22120000	
22160000	24120000	
24160000	26240000	
26280000	27480000	
27520000	28280000	
28320000	29040000	
29080000	30080000	
30120000	32960000	
33000000	40160000	
40200000	42360000	
42400000	43560000	
43600000	43920000	
43960000	45520000	
45560000	49520000	
49640000	50600000	
50840000	53520000	
53560000	56720000	
56760000	58000000	
k = 6 ->Identify the TADs
0	6280000	
6320000	6680000	
6880000	7320000	
7360000	8560000	
8600000	9400000	
9480000	9600000	
9680000	10000000	
10040000	10160000	
10200000	10840000	
10880000	11040000	
11080000	11680000	
11800000	12560000	
12600000	13160000	
13200000	13960000	
14000000	15400000	
15440000	17280000	
17320000	19320000	
19360000	20120000	
20160000	20760000	
20800000	22120000	
22160000	24120000	
24160000	26240000	
26280000	27480000	
27520000	28280000	
28320000	29040000	
29080000	30080000	
30120000	32960000	
33000000	40160000	
40200000	42360000	
42400000	43560000	
43600000	43920000	
43960000	45520000	
45560000	49520000	
49640000	50600000	
50840000	53520000	
53560000	56720000	
56760000	58000000	
k = 7 ->Identify the TADs
0	6280000	
6320000	6680000	
6880000	7320000	
7360000	8560000	
8600000	9400000	
9480000	9600000	
9680000	10000000	
10040000	10160000	
10200000	10840000	
10880000	11040000	
11080000	11680000	
11800000	12560000	
12600000	13160000	
13200000	13960000	
14000000	15400000	
15440000	17280000	
17320000	19320000	
19360000	20120000	
20160000	20760000	
20800000	22120000	
22160000	24120000	
24160000	26240000	
26280000	27480000	
27520000	28280000	
28320000	29040000	
29080000	30080000	
30120000	32960000	
33000000	40160000	
40200000	42360000	
42400000	43560000	
43600000	43920000	
43960000	45520000	
45560000	49520000	
49640000	50600000	
50840000	53520000	
53560000	56720000	
56760000	58000000	
Recommended Number of Cluster (K) = 6
k = 5 ->Identify the TADs
3080000	6280000	
6320000	6680000	
6880000	7320000	
7360000	8560000	
8600000	9400000	
9480000	9600000	
9680000	10000000	
10040000	10160000	
10200000	10840000	
10880000	11040000	
11080000	11680000	
11800000	12560000	
12600000	13160000	
13200000	13960000	
14000000	15400000	
15440000	17280000	
17320000	19320000	
19360000	20120000	
20160000	20760000	
20800000	22120000	
22160000	24120000	
24160000	26240000	
26280000	27480000	
27520000	28280000	
28320000	29040000	
29080000	30080000	
30120000	32960000	
33000000	40160000	
40200000	42360000	
42400000	43560000	
43600000	43920000	
43960000	45520000	
45560000	49520000	
49640000	50600000	
50840000	53520000	
53560000	56600000	
56760000	58000000	
k = 6 ->Identify the TADs
3080000	6280000	
6320000	6680000	
6880000	7320000	
7360000	8560000	
8600000	9400000	
9480000	9600000	
9680000	10000000	
10040000	10160000	
10200000	10840000	
10880000	11040000	
11080000	11680000	
11800000	12560000	
12600000	13160000	
13200000	13960000	
14000000	15400000	
15440000	17280000	
17320000	19320000	
19360000	20120000	
20160000	20760000	
20800000	22120000	
22160000	24120000	
24160000	26240000	
26280000	27480000	
27520000	28280000	
28320000	29040000	
29080000	30080000	
30120000	32960000	
33000000	40160000	
40200000	42360000	
42400000	43560000	
43600000	43920000	
43960000	45520000	
45560000	49520000	
49640000	50600000	
50840000	53520000	
53560000	56600000	
56760000	58000000	
k = 7 ->Identify the TADs
3080000	6280000	
6320000	6680000	
6880000	7320000	
7360000	8560000	
8600000	9400000	
9480000	9600000	
9680000	10000000	
10040000	10160000	
10200000	10840000	
10880000	11040000	
11080000	11680000	
11800000	12560000	
12600000	13160000	
13200000	13960000	
14000000	15400000	
15440000	17280000	
17320000	19320000	
19360000	20120000	
20160000	20760000	
20800000	22120000	
22160000	24120000	
24160000	26240000	
26280000	27480000	
27520000	28280000	
28320000	29040000	
29080000	30080000	
30120000	32960000	
33000000	40160000	
40200000	42360000	
42400000	43560000	
43600000	43920000	
43960000	45520000	
45560000	49520000	
49640000	50600000	
50840000	53520000	
53560000	56600000	
56760000	58000000	
Recommended Number of Cluster (K) = 9
k = 8 ->Identify the TADs
3080000	6280000	
6320000	6680000	
6880000	7320000	
7360000	8560000	
8600000	9400000	
9480000	9600000	
9680000	10000000	
10040000	10160000	
10200000	10840000	
10880000	11040000	
11080000	11680000	
11800000	12520000	
12560000	13160000	
13200000	13960000	
14000000	15400000	
15440000	17280000	
17320000	19320000	
19360000	20120000	
20160000	20760000	
20800000	22120000	
22160000	24120000	
24160000	26240000	
26280000	27480000	
27520000	28280000	
28320000	29040000	
29080000	30080000	
30120000	32960000	
33000000	36040000	
36080000	36640000	
36680000	37080000	
37160000	37440000	
37480000	37800000	
37920000	38040000	
38120000	38640000	
38720000	39680000	
39720000	39840000	
39880000	40160000	
40200000	42360000	
42400000	43560000	
43600000	43920000	
43960000	45520000	
45560000	49360000	
49400000	51200000	
51240000	53520000	
53560000	56720000	
56760000	58000000	
k = 9 ->Identify the TADs
3080000	6280000	
6320000	6680000	
6880000	7320000	
7360000	8560000	
8600000	9400000	
9480000	9600000	
9680000	10000000	
10040000	10160000	
10200000	10840000	
10880000	11040000	
11080000	11680000	
11800000	12520000	
12560000	13160000	
13200000	13960000	
14000000	15400000	
15440000	17280000	
17320000	19320000	
19360000	20120000	
20160000	20760000	
20800000	22120000	
22160000	24120000	
24160000	26240000	
26280000	27480000	
27520000	28280000	
28320000	29040000	
29080000	30080000	
30120000	32960000	
33000000	36040000	
36080000	36640000	
36680000	37080000	
37160000	37440000	
37480000	37800000	
37920000	38040000	
38120000	38640000	
38720000	39680000	
39720000	39840000	
39880000	40160000	
40200000	42360000	
42400000	43560000	
43600000	43920000	
43960000	45520000	
45560000	49360000	
49400000	51200000	
51240000	53520000	
53560000	56720000	
56760000	58000000	
k = 10 ->Identify the TADs
3080000	6280000	
6320000	6680000	
6880000	7320000	
7360000	8560000	
8600000	9400000	
9480000	9600000	
9680000	10000000	
10040000	10160000	
10200000	10840000	
10880000	11040000	
11080000	11680000	
11800000	12520000	
12560000	13160000	
13200000	13960000	
14000000	15400000	
15440000	17280000	
17320000	19320000	
19360000	20120000	
20160000	20760000	
20800000	22120000	
22160000	24120000	
24160000	26240000	
26280000	27480000	
27520000	28280000	
28320000	29040000	
29080000	30080000	
30120000	32960000	
33000000	36040000	
36080000	36400000	
36440000	37080000	
37400000	38040000	
38120000	38240000	
38440000	38720000	
38840000	39680000	
39720000	39840000	
39880000	40160000	
40200000	42360000	
42400000	43560000	
43600000	43920000	
43960000	45520000	
45560000	49360000	
49400000	51200000	
51240000	53520000	
53560000	56720000	
56760000	58000000	
Recommended Number of Cluster (K) = 7
k = 6 ->Identify the TADs
3080000	6280000	
6320000	6680000	
6880000	7320000	
7360000	8560000	
8600000	9400000	
9480000	9600000	
9680000	10000000	
10040000	10160000	
10200000	10840000	
10880000	11040000	
11080000	11680000	
11800000	12520000	
12560000	13160000	
13200000	13960000	
14000000	15400000	
15440000	17280000	
17320000	19320000	
19360000	20120000	
20160000	20760000	
20800000	22120000	
22160000	24120000	
24160000	26240000	
26280000	27480000	
27520000	28280000	
28320000	29040000	
29080000	30080000	
30120000	32960000	
33000000	40160000	
40200000	42360000	
42400000	43560000	
43600000	43920000	
43960000	45520000	
45560000	48600000	
49240000	49360000	
49400000	51200000	
51240000	53520000	
53560000	56720000	
56760000	58000000	
k = 7 ->Identify the TADs
3080000	6280000	
6320000	6680000	
6880000	7320000	
7360000	8560000	
8600000	9400000	
9480000	9600000	
9680000	10000000	
10040000	10160000	
10200000	10840000	
10880000	11040000	
11080000	11680000	
11800000	12520000	
12560000	13160000	
13200000	13960000	
14000000	15400000	
15440000	17280000	
17320000	19320000	
19360000	20120000	
20160000	20760000	
20800000	22120000	
22160000	24120000	
24160000	26240000	
26280000	27480000	
27520000	28280000	
28320000	29040000	
29080000	30080000	
30120000	32960000	
33000000	40160000	
40200000	42360000	
42400000	43560000	
43600000	43920000	
43960000	45520000	
45560000	48600000	
49240000	49360000	
49400000	51200000	
51240000	53520000	
53560000	56720000	
56760000	58000000	
k = 8 ->Identify the TADs
3080000	6280000	
6320000	6680000	
6880000	7320000	
7360000	8560000	
8600000	9400000	
9480000	9600000	
9680000	10000000	
10040000	10160000	
10200000	10840000	
10880000	11040000	
11080000	11680000	
11800000	12520000	
12560000	13160000	
13200000	13960000	
14000000	15400000	
15440000	17280000	
17320000	19320000	
19360000	20120000	
20160000	20760000	
20800000	22120000	
22160000	24120000	
24160000	26240000	
26280000	27480000	
27520000	28280000	
28320000	29040000	
29080000	30080000	
30120000	32960000	
33000000	40160000	
40200000	42360000	
42400000	43560000	
43600000	43920000	
43960000	45520000	
45560000	48600000	
49040000	49160000	
49400000	51200000	
51240000	53520000	
53560000	56720000	
56760000	58000000	
Recommended Number of Cluster (K) = 6
k = 5 ->Identify the TADs
0	6280000	
6320000	6680000	
6880000	7320000	
7360000	8560000	
8600000	9400000	
9480000	9600000	
9680000	10000000	
10040000	10160000	
10200000	10840000	
10880000	11040000	
11080000	11680000	
11800000	12520000	
12560000	13160000	
13200000	13960000	
14000000	15400000	
15440000	17280000	
17320000	19320000	
19360000	20120000	
20160000	20760000	
20800000	22120000	
22160000	24120000	
24160000	26240000	
26280000	27480000	
27520000	28280000	
28320000	29040000	
29080000	30080000	
30120000	32960000	
33000000	40160000	
40200000	42360000	
42400000	43560000	
43600000	43920000	
43960000	45520000	
45560000	49360000	
49400000	51200000	
51240000	53520000	
53560000	56720000	
56760000	58000000	
k = 6 ->Identify the TADs
0	6280000	
6320000	6680000	
6880000	7320000	
7360000	8560000	
8600000	9400000	
9480000	9600000	
9680000	10000000	
10040000	10160000	
10200000	10840000	
10880000	11040000	
11080000	11680000	
11800000	12520000	
12560000	13160000	
13200000	13960000	
14000000	15400000	
15440000	17280000	
17320000	19320000	
19360000	20120000	
20160000	20760000	
20800000	22120000	
22160000	24120000	
24160000	26240000	
26280000	27480000	
27520000	28280000	
28320000	29040000	
29080000	30080000	
30120000	32960000	
33000000	40160000	
40200000	42360000	
42400000	43560000	
43600000	43920000	
43960000	45520000	
45560000	49360000	
49400000	51200000	
51240000	53520000	
53560000	56720000	
5676000