1.9077704892315415
1.9167396852453493
2.069385136898361
2.140251258955615
2.1329638682836203
2.1373487740195682
2.1171315369418418
1.7916617669110224
1.7916617669110224
1.7916617669110224
1.7916617669110224
1.6180657870109647
1.6180657870109647
1.6180657870109647
1.9055968392025018
1.9055968392025018
1.9055968392025018
1.9055968392025018
1.9055968392025018
1.9244063850692128
1.9316735671236462
1.8870601585753157
1.8870601585753157
1.8870601585753157
1.8870601585753157
1.8870601585753157
1.8870601585753157
1.8870601585753157
1.9038461979884298
1.9038461979884298
1.9038461979884298
1.9038461979884298
1.9038461979884298
1.9038461979884298
1.9038461979884298
1.9077704892315415
1.9077704892315415
1.9077704892315415
1.9077704892315415
1.9077704892315415
1.9077704892315415
1.9077704892315415
1.87968383085189
1.9010809415723227
1.8294854434456949
1.8047398316575438
1.7729166508634517
1.8807943262266744
1.8894699452646289
1.913835921422617
1.837590375702838
1.925904965482685
1.9184641994229712
1.9211069343427474
1.9260837350679965
1.9260837350679965
1.8933570538592879
1.8933570538592879
1.8933570538592879
1.8933570538592879
1.8933570538592879
1.8933570538592879
1.8933570538592879
1.9124235987700096
1.9124235987700096
1.9124235987700096
1.9124235987700096
1.9124235987700096
1.9124235987700096
1.9124235987700096
2.0044750632480093
2.0239269820847667
1.9618484149585795
1.9363441548895137
1.9044251607608529
2.005484604497814
2.013371530895954
2.0627221911007982
2.0627221911007982
2.0627221911007982
2.0627221911007982
2.0627221911007982
2.0694451714368713
2.0805291636588747
2.0486748062421354
2.0486748062421354
2.0486748062421354
2.0486748062421354
2.0486748062421354
2.0486748062421354
2.0486748062421354
2.06546084565525
2.06546084565525
2.06546084565525
2.06546084565525
2.06546084565525
2.06546084565525
2.06546084565525
1.9800109066174534
1.9800109066174534
1.9800109066174534
1.9800109066174534
1.8146409521629976
1.8146409521629976
1.8146409521629976
2.109450336289781
2.109450336289781
2.109450336289781
2.1200378972249516
2.1200378972249516
2.1626514430883534
2.127990482809036
2.1201162152620623
2.1201162152620623
2.1201162152620623
2.1201162152620623
2.1201162152620623
2.1201162152620623
2.1201162152620623
2.13643597580259
2.13643597580259
2.13643597580259
2.13643597580259
2.13643597580259
2.13643597580259
2.13643597580259
1.9776327956929827
1.9776327956929827
1.9776327956929827
1.9776327956929827
1.8158848822058606
1.8158848822058606
1.8158848822058606
2.1033264252077823
2.1033264252077823
2.1033264252077823
2.113474210563554
2.113474210563554
2.155163401062801
2.1212175175796357
2.113373014960164
2.113373014960164
2.113373014960164
2.113373014960164
2.113373014960164
2.113373014960164
2.113373014960164
2.1292517008914884
2.1292517008914884
2.1292517008914884
2.1292517008914884
2.1292517008914884
2.1292517008914884
2.1292517008914884
1.9811597850892886
1.9811597850892886
1.9811597850892886
1.9811597850892886
1.8194902491443063
1.8194902491443063
1.8194902491443063
2.1383713689243256
2.1383713689243256
2.162965289989329
2.162965289989329
2.1362290979166407
2.1362290979166407
2.1362290979166407
2.1177579206961115
2.1177579206961115
2.1177579206961115
2.1177579206961115
2.1177579206961115
2.1177579206961115
2.1177579206961115
2.1334285700767825
2.1334285700767825
2.1334285700767825
2.1334285700767825
2.1334285700767825
2.1334285700767825
2.1334285700767825
1.9712411545023978
1.9712411545023978
1.9712411545023978
1.9712411545023978
1.8162401385851406
1.8162401385851406
1.8162401385851406
2.1186084330283044
2.1186084330283044
2.141972658040058
2.141972658040058
2.116573275571004
2.116573275571004
2.116573275571004
2.0985453427631775
2.0985453427631775
2.0985453427631775
2.0985453427631775
2.0985453427631775
2.0985453427631775
2.0985453427631775
2.113412369098686
2.113412369098686
2.113412369098686
2.113412369098686
2.113412369098686
2.113412369098686
2.113412369098686
