from.id	from.cord	to.id	to.cord
77	3080000	157	6280000
158	6320000	167	6680000
172	6880000	183	7320000
184	7360000	214	8560000
215	8600000	235	9400000
237	9480000	240	9600000
242	9680000	250	10000000
251	10040000	254	10160000
255	10200000	271	10840000
272	10880000	276	11040000
277	11080000	292	11680000
295	11800000	314	12560000
315	12600000	329	13160000
330	13200000	349	13960000
350	14000000	385	15400000
386	15440000	432	17280000
433	17320000	483	19320000
484	19360000	503	20120000
504	20160000	519	20760000
520	20800000	553	22120000
554	22160000	603	24120000
604	24160000	656	26240000
657	26280000	688	27520000
689	27560000	722	28880000
723	28920000	752	30080000
753	30120000	824	32960000
825	33000000	1005	40200000
1006	40240000	1059	42360000
1060	42400000	1087	43480000
1090	43600000	1133	45320000
1134	45360000	1238	49520000
1241	49640000	1265	50600000
1271	50840000	1338	53520000
1339	53560000	1415	56600000
1419	56760000	1450	58000000
