0.8650027116268296
0.9248386690344716
0.9276080698995981
0.9276080698995981
0.9240854643153309
0.9167791012963725
0.9167791012963725
0.829490770236435
0.8299218410976057
0.837591007053099
0.837591007053099
0.837591007053099
0.837591007053099
0.837591007053099
0.9035601969027045
0.9050015285273351
0.9050015285273351
0.8988216969331893
0.8988216969331893
0.9115211929630482
0.9115211929630482
0.8872214974720779
0.8900116400287121
0.8900116400287121
0.8907024339379956
0.8907024339379956
0.8907024339379956
0.8944078709691364
0.8572564136578592
0.8572564136578592
0.8493661212997364
0.8493661212997364
0.8493661212997364
0.8493661212997364
0.8447516675511659
0.8681703285084026
0.8681703285084026
0.8681703285084026
0.8784100929550263
0.8784100929550263
0.8784100929550263
0.8784100929550263
0.8895031838460251
0.8895031838460251
0.8477321197460687
0.8477321197460687
0.8477321197460687
0.8477321197460687
0.8477321197460687
0.8567492066680427
0.8567492066680427
0.8567492066680427
0.8567492066680427
0.8567492066680427
0.8567492066680427
0.8567492066680427
0.8650027116268296
0.8650027116268296
0.8650027116268296
0.8650027116268296
0.8650027116268296
0.8650027116268296
0.8650027116268296
0.8650027116268296
0.8650027116268296
0.8650027116268296
0.8650027116268296
0.8650027116268296
0.8650027116268296
0.8650027116268296
0.8650027116268296
0.8650027116268296
0.8650027116268296
0.8650027116268296
0.8650027116268296
0.8650027116268296
0.8650027116268296
0.8650027116268296
0.8650027116268296
0.8650027116268296
0.8650027116268296
0.8650027116268296
0.8650027116268296
0.8650027116268296
0.8650027116268296
0.8650027116268296
0.8650027116268296
0.8650027116268296
0.8650027116268296
0.8650027116268296
0.8650027116268296
0.8650027116268296
0.8650027116268296
0.8650027116268296
0.8650027116268296
0.8650027116268296
0.8650027116268296
0.8650027116268296
0.8650027116268296
0.8650027116268296
0.8650027116268296
0.8650027116268296
0.8650027116268296
0.8650027116268296
0.8650027116268296
0.8650027116268296
0.8650027116268296
0.8650027116268296
0.8650027116268296
0.8650027116268296
0.8650027116268296
0.8650027116268296
0.8650027116268296
0.8650027116268296
0.8650027116268296
0.8650027116268296
0.8650027116268296
0.8650027116268296
0.8650027116268296
0.8650027116268296
0.8650027116268296
0.8650027116268296
0.8650027116268296
0.8650027116268296
0.8650027116268296
0.8650027116268296
0.8650027116268296
0.8650027116268296
0.8650027116268296
0.8650027116268296
0.8650027116268296
0.8650027116268296
0.8650027116268296
0.8650027116268296
0.8650027116268296
0.8650027116268296
0.8650027116268296
0.8650027116268296
0.8650027116268296
0.8650027116268296
0.8806781905713084
0.8810901027275381
0.8878598738978456
0.8878598738978456
0.8878598738978456
0.8878598738978456
0.8878598738978456
0.9427948708146346
0.9447294499921779
0.9447294499921779
0.9453848185727804
0.9453848185727804
0.9453848185727804
0.951079927680985
0.9159098814263094
0.9159098814263094
0.907663111458503
0.907663111458503
0.907663111458503
0.907663111458503
0.9025312658246795
0.9247333729659555
0.9247333729659555
0.9247333729659555
0.9351784530266721
0.9351784530266721
0.9351784530266721
0.9351784530266721
0.945687697028671
0.945687697028671
0.9061151099866069
0.9061151099866069
0.9061151099866069
0.9061151099866069
0.9061151099866069
0.9162227054598402
0.9162227054598402
0.9162227054598402
0.9162227054598402
0.9162227054598402
0.9162227054598402
0.9162227054598402
0.9248386690344716
0.9248386690344716
0.9248386690344716
0.9248386690344716
0.9248386690344716
0.9248386690344716
0.9248386690344716
0.9248386690344716
0.9248386690344716
0.9248386690344716
0.9248386690344716
0.9248386690344716
0.9248386690344716
0.9248386690344716
0.9248386690344716
0.9248386690344716
0.9248386690344716
0.9248386690344716
0.9248386690344716
0.9248386690344716
0.9248386690344716
0.9248386690344716
0.9248386690344716
0.9248386690344716
0.9248386690344716
0.9248386690344716
0.9248386690344716
0.9248386690344716
0.9248386690344716
0.9248386690344716
0.9248386690344716
0.9248386690344716
0.9248386690344716
0.9248386690344716
0.9248386690344716
0.9248386690344716
0.9248386690344716
0.9248386690344716
0.9248386690344716
0.9248386690344716
0.9248386690344716
0.9248386690344716
0.9248386690344716
0.9248386690344716
0.9248386690344716
0.9248386690344716
0.9248386690344716
0.9248386690344716
0.9248386690344716
0.9248386690344716
0.9248386690344716
0.9248386690344716
0.9248386690344716
0.9248386690344716
0.9248386690344716
0.9248386690344716
0.9248386690344716
0.9248386690344716
0.9248386690344716
0.9248386690344716
0.9248386690344716
0.9248386690344716
0.9248386690344716
0.9248386690344716
0.9248386690344716
0.9248386690344716
0.9248386690344716
0.9248386690344716
0.9248386690344716
0.9248386690344716
0.9248386690344716
0.9248386690344716
0.9248386690344716
0.9248386690344716
0.9248386690344716
0.9248386690344716
0.9248386690344716
0.9248386690344716
0.9248386690344716
0.9248386690344716
0.9248386690344716
0.9248386690344716
0.9248386690344716
0.9248386690344716
0.9248386690344716
0.9248386690344716
0.9248386690344716
0.9248386690344716
0.9248386690344716
0.9248386690344716
0.9248386690344716
0.9248386690344716
0.9248386690344716
0.9248386690344716
0.9248386690344716
0.9248386690344716
0.9248386690344716
0.9248386690344716
0.8834155108183691
0.8838228964673874
0.8904893788886717
0.8904893788886717
0.8904893788886717
0.8904893788886717
0.8904893788886717
0.9451920434074449
0.9470717902840976
0.9470717902840976
0.9477188630598824
0.9477188630598824
0.9477188630598824
0.9534311698569435
0.9187238873687767
0.9187238873687767
0.9105476727779228
0.9105476727779228
0.9105476727779228
0.9105476727779228
0.9054446384814634
0.9273621032234924
0.9273621032234924
0.9273621032234924
0.9377056722478041
0.9377056722478041
0.9377056722478041
0.9377056722478041
0.9480784325614652
0.9480784325614652
0.9090197752212463
0.9090197752212463
0.9090197752212463
0.9090197752212463
0.9090197752212463
0.9190700604944267
0.9190700604944267
0.9190700604944267
0.9190700604944267
0.9190700604944267
0.9190700604944267
0.9190700604944267
0.9276080698995981
0.9276080698995981
0.9276080698995981
0.9276080698995981
0.9276080698995981
0.9276080698995981
0.9276080698995981
0.9276080698995981
0.9276080698995981
0.9276080698995981
0.9276080698995981
0.9276080698995981
0.9276080698995981
0.9276080698995981
0.9276080698995981
0.9276080698995981
0.9276080698995981
0.9276080698995981
0.9276080698995981
0.9276080698995981
0.9276080698995981
0.9276080698995981
0.9276080698995981
0.9276080698995981
0.9276080698995981
0.9276080698995981
0.9276080698995981
0.9276080698995981
0.9276080698995981
0.9276080698995981
0.9276080698995981
0.9276080698995981
0.9276080698995981
0.9276080698995981
0.9276080698995981
0.9276080698995981
0.9276080698995981
0.9276080698995981
0.9276080698995981
0.9276080698995981
0.9276080698995981
0.9276080698995981
0.9276080698995981
0.9276080698995981
0.9276080698995981
0.9276080698995981
0.9276080698995981
0.9276080698995981
0.9276080698995981
0.9276080698995981
0.9276080698995981
0.9276080698995981
0.9276080698995981
0.9276080698995981
0.9276080698995981
0.9276080698995981
0.9276080698995981
0.9276080698995981
0.9276080698995981
0.9276080698995981
0.9276080698995981
0.9276080698995981
0.9276080698995981
0.9276080698995981
0.9276080698995981
0.9276080698995981
0.9276080698995981
0.9276080698995981
0.9276080698995981
0.9276080698995981
0.9276080698995981
0.9276080698995981
0.9276080698995981
0.9276080698995981
0.9276080698995981
0.9276080698995981
0.9276080698995981
0.9276080698995981
0.9276080698995981
0.9276080698995981
0.9276080698995981
0.9276080698995981
0.9276080698995981
0.9276080698995981
0.9276080698995981
0.9276080698995981
0.9276080698995981
0.9276080698995981
0.9276080698995981
0.9276080698995981
0.9276080698995981
0.9276080698995981
0.9276080698995981
0.9276080698995981
0.9276080698995981
0.9276080698995981
0.9276080698995981
0.9276080698995981
0.8834155108183691
0.8838228964673874
0.8904893788886717
0.8904893788886717
0.8904893788886717
0.8904893788886717
0.8904893788886717
0.9451920434074449
0.9470717902840976
0.9470717902840976
0.9477188630598824
0.9477188630598824
0.9477188630598824
0.9534311698569435
0.9187238873687767
0.9187238873687767
0.9105476727779228
0.9105476727779228
0.9105476727779228
0.9105476727779228
0.9054446384814634
0.9273621032234924
0.9273621032234924
0.9273621032234924
0.9377056722478041
0.9377056722478041
0.9377056722478041
0.9377056722478041
0.9480784325614652
0.9480784325614652
0.9090197752212463
0.9090197752212463
0.9090197752212463
0.9090197752212463
0.9090197752212463
0.9190700604944267
0.9190700604944267
0.9190700604944267
0.9190700604944267
0.9190700604944267
0.9190700604944267
0.9190700604944267
0.9276080698995981
0.9276080698995981
0.9276080698995981
0.9276080698995981
0.9276080698995981
0.9276080698995981
0.9276080698995981
0.9276080698995981
0.9276080698995981
0.9276080698995981
0.9276080698995981
0.9276080698995981
0.9276080698995981
0.9276080698995981
0.9276080698995981
0.9276080698995981
0.9276080698995981
0.9276080698995981
0.9276080698995981
0.9276080698995981
0.9276080698995981
0.9276080698995981
0.9276080698995981
0.9276080698995981
0.9276080698995981
0.9276080698995981
0.9276080698995981
0.9276080698995981
0.9276080698995981
0.9276080698995981
0.9276080698995981
0.9276080698995981
0.9276080698995981
0.9276080698995981
0.9276080698995981
0.9276080698995981
0.9276080698995981
0.9276080698995981
0.9276080698995981
0.9276080698995981
0.9276080698995981
0.9276080698995981
0.9276080698995981
0.9276080698995981
0.9276080698995981
0.9276080698995981
0.9276080698995981
0.9276080698995981
0.9276080698995981
0.9276080698995981
0.9276080698995981
0.9276080698995981
0.9276080698995981
0.9276080698995981
0.9276080698995981
0.9276080698995981
0.9276080698995981
0.9276080698995981
0.9276080698995981
0.9276080698995981
0.9276080698995981
0.9276080698995981
0.9276080698995981
0.9276080698995981
0.9276080698995981
0.9276080698995981
0.9276080698995981
0.9276080698995981
0.9276080698995981
0.9276080698995981
0.9276080698995981
0.9276080698995981
0.9276080698995981
0.9276080698995981
0.9276080698995981
0.9276080698995981
0.9276080698995981
0.9276080698995981
0.9276080698995981
0.9276080698995981
0.9276080698995981
0.9276080698995981
0.9276080698995981
0.9276080698995981
0.9276080698995981
0.9276080698995981
0.9276080698995981
0.9276080698995981
0.9276080698995981
0.9276080698995981
0.9276080698995981
0.9276080698995981
0.9276080698995981
0.9276080698995981
0.9276080698995981
0.9276080698995981
0.9276080698995981
0.9276080698995981
0.8810241753864255
0.8814271329305633
0.8880476936434125
0.8880476936434125
0.8880476936434125
0.8880476936434125
0.8880476936434125
0.9416252156564591
0.943526051044041
0.943526051044041
0.9441650354101283
0.9441650354101283
0.9441650354101283
0.9496646955871073
0.9154081570273583
0.9154081570273583
0.9073792750638412
0.9073792750638412
0.9073792750638412
0.9073792750638412
0.9023809424384013
0.9240209709178729
0.9240209709178729
0.9240209709178729
0.9341890950533394
0.9341890950533394
0.9341890950533394
0.9341890950533394
0.9444288712604151
0.9444288712604151
0.9058709659373785
0.9058709659373785
0.9058709659373785
0.9058709659373785
0.9058709659373785
0.9157061472126521
0.9157061472126521
0.9157061472126521
0.9157061472126521
0.9157061472126521
0.9157061472126521
0.9157061472126521
0.9240854643153309
0.9240854643153309
0.9240854643153309
0.9240854643153309
0.9240854643153309
0.9240854643153309
0.9240854643153309
0.9240854643153309
0.9240854643153309
0.9240854643153309
0.9240854643153309
0.9240854643153309
0.9240854643153309
0.9240854643153309
0.9240854643153309
0.9240854643153309
0.9240854643153309
0.9240854643153309
0.9240854643153309
0.9240854643153309
0.9240854643153309
0.9240854643153309
0.9240854643153309
0.9240854643153309
0.9240854643153309
0.9240854643153309
0.9240854643153309
0.9240854643153309
0.9240854643153309
0.9240854643153309
0.9240854643153309
0.9240854643153309
0.9240854643153309
0.9240854643153309
0.9240854643153309
0.9240854643153309
0.9240854643153309
0.9240854643153309
0.9240854643153309
0.9240854643153309
0.9240854643153309
0.9240854643153309
0.9240854643153309
0.9240854643153309
0.9240854643153309
0.9240854643153309
0.9240854643153309
0.9240854643153309
0.9240854643153309
0.9240854643153309
0.9240854643153309
0.9240854643153309
0.9240854643153309
0.9240854643153309
0.9240854643153309
0.9240854643153309
0.9240854643153309
0.9240854643153309
0.9240854643153309
0.9240854643153309
0.9240854643153309
0.9240854643153309
0.9240854643153309
0.9240854643153309
0.9240854643153309
0.9240854643153309
0.9240854643153309
0.9240854643153309
0.9240854643153309
0.9240854643153309
0.9240854643153309
0.9240854643153309
0.9240854643153309
0.9240854643153309
0.9240854643153309
0.9240854643153309
0.9240854643153309
0.9240854643153309
0.9240854643153309
0.9240854643153309
0.9240854643153309
0.9240854643153309
0.9240854643153309
0.9240854643153309
0.9240854643153309
0.9240854643153309
0.9240854643153309
0.9240854643153309
0.9240854643153309
0.9240854643153309
0.9240854643153309
0.9240854643153309
0.9240854643153309
0.9240854643153309
0.9240854643153309
0.9240854643153309
0.9240854643153309
0.9240854643153309
0.9240854643153309
0.9240854643153309
0.9240854643153309
0.9240854643153309
0.9240854643153309
0.9240854643153309
0.9240854643153309
0.8755164087142541
0.8759150333815732
0.8825238019543813
0.8825238019543813
0.8825238019543813
0.8825238019543813
0.8825238019543813
0.9344649238966843
0.9364306908444168
0.9364306908444168
0.9370617865146265
0.9370617865146265
0.9370617865146265
0.942217736347202
0.9084003841792446
0.9084003841792446
0.9005618396184064
0.9005618396184064
0.9005618396184064
0.9005618396184064
0.8957112040938524
0.9170807322173307
0.9170807322173307
0.9170807322173307
0.9270322947979108
0.9270322947979108
0.9270322947979108
0.9270322947979108
0.9371424535846439
0.9371424535846439
0.8990726230125319
0.8990726230125319
0.8990726230125319
0.8990726230125319
0.8990726230125319
0.9086034943251435
0.9086034943251435
0.9086034943251435
0.9086034943251435
0.9086034943251435
0.9086034943251435
0.9086034943251435
0.9167791012963725
0.9167791012963725
0.9167791012963725
0.9167791012963725
0.9167791012963725
0.9167791012963725
0.9167791012963725
0.9167791012963725
0.9167791012963725
0.9167791012963725
0.9167791012963725
0.9167791012963725
0.9167791012963725
0.9167791012963725
0.9167791012963725
0.9167791012963725
0.9167791012963725
0.9167791012963725
0.9167791012963725
0.9167791012963725
0.9167791012963725
0.9167791012963725
0.9167791012963725
0.9167791012963725
0.9167791012963725
0.9167791012963725
0.9167791012963725
0.9167791012963725
0.9167791012963725
0.9167791012963725
0.9167791012963725
0.9167791012963725
0.9167791012963725
0.9167791012963725
0.9167791012963725
0.9167791012963725
0.9167791012963725
0.9167791012963725
0.9167791012963725
0.9167791012963725
0.9167791012963725
0.9167791012963725
0.9167791012963725
0.9167791012963725
0.9167791012963725
0.9167791012963725
0.9167791012963725
0.9167791012963725
0.9167791012963725
0.9167791012963725
0.9167791012963725
0.9167791012963725
0.9167791012963725
0.9167791012963725
0.9167791012963725
0.9167791012963725
0.9167791012963725
0.9167791012963725
0.9167791012963725
0.9167791012963725
0.9167791012963725
0.9167791012963725
0.9167791012963725
0.9167791012963725
0.9167791012963725
0.9167791012963725
0.9167791012963725
0.9167791012963725
0.9167791012963725
0.9167791012963725
0.9167791012963725
0.9167791012963725
0.9167791012963725
0.9167791012963725
0.9167791012963725
0.9167791012963725
0.9167791012963725
0.9167791012963725
0.9167791012963725
0.9167791012963725
0.9167791012963725
0.9167791012963725
0.9167791012963725
0.9167791012963725
0.9167791012963725
0.9167791012963725
0.9167791012963725
0.9167791012963725
0.9167791012963725
0.9167791012963725
0.9167791012963725
0.9167791012963725
0.9167791012963725
0.9167791012963725
0.9167791012963725
0.9167791012963725
0.9167791012963725
0.9167791012963725
0.9167791012963725
0.9167791012963725
0.9167791012963725
0.9167791012963725
0.9167791012963725
0.9167791012963725
0.9167791012963725
0.8755164087142541
0.8759150333815732
0.8825238019543813
0.8825238019543813
0.8825238019543813
0.8825238019543813
0.8825238019543813
0.9344649238966843
0.9364306908444168
0.9364306908444168
0.9370617865146265
0.9370617865146265
0.9370617865146265
0.942217736347202
0.9084003841792446
0.9084003841792446
0.9005618396184064
0.9005618396184064
0.9005618396184064
0.9005618396184064
0.8957112040938524
0.9170807322173307
0.9170807322173307
0.9170807322173307
0.9270322947979108
0.9270322947979108
0.9270322947979108
0.9270322947979108
0.9371424535846439
0.9371424535846439
0.8990726230125319
0.8990726230125319
0.8990726230125319
0.8990726230125319
0.8990726230125319
0.9086034943251435
0.9086034943251435
0.9086034943251435
0.9086034943251435
0.9086034943251435
0.9086034943251435
0.9086034943251435
0.9167791012963725
0.9167791012963725
0.9167791012963725
0.9167791012963725
0.9167791012963725
0.9167791012963725
0.9167791012963725
0.9167791012963725
0.9167791012963725
0.9167791012963725
0.9167791012963725
0.9167791012963725
0.9167791012963725
0.9167791012963725
0.9167791012963725
0.9167791012963725
0.9167791012963725
0.9167791012963725
0.9167791012963725
0.9167791012963725
0.9167791012963725
0.9167791012963725
0.9167791012963725
0.9167791012963725
0.9167791012963725
0.9167791012963725
0.9167791012963725
0.9167791012963725
0.9167791012963725
0.9167791012963725
0.9167791012963725
0.9167791012963725
0.9167791012963725
0.9167791012963725
0.9167791012963725
0.9167791012963725
0.9167791012963725
0.9167791012963725
0.9167791012963725
0.9167791012963725
0.9167791012963725
0.9167791012963725
0.9167791012963725
0.9167791012963725
0.9167791012963725
0.9167791012963725
0.9167791012963725
0.9167791012963725
0.9167791012963725
0.9167791012963725
0.9167791012963725
0.9167791012963725
0.9167791012963725
0.9167791012963725
0.9167791012963725
0.9167791012963725
0.9167791012963725
0.9167791012963725
0.9167791012963725
0.9167791012963725
0.9167791012963725
0.9167791012963725
0.9167791012963725
0.9167791012963725
0.9167791012963725
0.9167791012963725
0.9167791012963725
0.9167791012963725
0.9167791012963725
0.9167791012963725
0.9167791012963725
0.9167791012963725
0.9167791012963725
0.9167791012963725
0.9167791012963725
0.9167791012963725
0.9167791012963725
0.9167791012963725
0.9167791012963725
0.9167791012963725
0.9167791012963725
0.9167791012963725
0.9167791012963725
0.9167791012963725
0.9167791012963725
0.9167791012963725
0.9167791012963725
0.9167791012963725
0.9167791012963725
0.9167791012963725
0.9167791012963725
0.9167791012963725
0.9167791012963725
0.9167791012963725
0.9167791012963725
0.9167791012963725
0.9167791012963725
0.9167791012963725
0.9167791012963725
0.9167791012963725
0.9167791012963725
0.9167791012963725
0.9167791012963725
0.9167791012963725
0.9167791012963725
