213,229
230,255
256,308
309,324
325,335
336,353
354,369
370,398
399,404
408,418
419,426
427,432
433,442
443,448
449,455
456,475
476,480
481,497
498,506
512,523
524,531
532,547
548,566
567,575
576,596
597,609
610,622
623,628
629,633
634,644
645,660
664,667
678,688
689,698
699,708
709,715
716,748
749,759
760,763
764,769
770,784
785,803
804,810
811,823
824,834
835,850
851,856
857,861
862,872
873,885
886,891
892,941
942,949
950,970
971,983
984,1021
1022,1034
1035,1047
1048,1052
1107,1110
1119,1122
1135,1148
1149,1155
1156,1160
1161,1167
1168,1186
1187,1197
1198,1205
1206,1225
1226,1239
1240,1246
1247,1260
1264,1274
1275,1285
1286,1293
1294,1298
1307,1313
1314,1318
1319,1324
1325,1336
1350,1355
1361,1371
1372,1382
1383,1393
1394,1414
1415,1424
1425,1433
1434,1443
1444,1456
1457,1464
1465,1480
1481,1494
1495,1506
1507,1527
1528,1548
1549,1555
1556,1560
1561,1570
1571,1577
1578,1591
1592,1604
1605,1618
1619,1631
1632,1644
1645,1655
1656,1665
1666,1674
1675,1687
1688,1696
1697,1708
1709,1720
1721,1729
1730,1744
1745,1749
1750,1764
1765,1773
1774,1779
1780,1799
1800,1805
1806,1817
1818,1822
1823,1837
1838,1843
1844,1848
1849,1861
1862,1870
1871,1878
1879,1886
1887,1901
1902,1906
1907,1913
1914,1922
1923,1936
1937,1954
1955,1972
1973,1988
1989,1994
1995,2002
2003,2016
2017,2031
2032,2052
2053,2062
2063,2075
2076,2094
2095,2109
2110,2119
2120,2126
2127,2136
2137,2147
2148,2156
2157,2176
2177,2190
2191,2197
2198,2209
2210,2222
2223,2235
2236,2250
2251,2259
2260,2268
2269,2286
2287,2304
2305,2313
2314,2323
2324,2329
2330,2342
2343,2359
2360,2374
2375,2385
2386,2393
2394,2399
2400,2409
2410,2422
2423,2434
2435,2446
2447,2456
2457,2465
2466,2486
2487,2493
2494,2501
2502,2508
2509,2529
2530,2547
2548,2557
2558,2573
2574,2585
2586,2599
2600,2611
2612,2624
2625,2633
2634,2643
2644,2658
2659,2671
2674,2691
2692,2710
2711,2729
2730,2737
2738,2745
2746,2766
2768,2780
2781,2784
2785,2803
2804,2815
2816,2826
2827,2832
2833,2852
2853,2863
2864,2875
2876,2880
2881,2887
2888,2897
2898,2905
2906,2914
2915,2921
2922,2928
2929,2935
2936,2943
2944,2962
2963,2973
2974,2981
2982,2986
2987,3010
3011,3021
3022,3029
3033,3041
3042,3049
3050,3056
3057,3065
3066,3073
3074,3083
3084,3094
3095,3103
3104,3117
3118,3130
