76,105
106,128
129,150
151,188
189,197
198,216
217,232
233,251
252,329
330,366
367,374
375,383
384,393
394,418
419,445
446,467
468,475
476,494
495,502
503,519
520,529
530,540
541,553
554,570
571,583
584,601
602,611
612,620
621,633
634,648
649,654
655,663
664,678
679,700
701,711
712,729
730,746
747,761
762,780
781,794
795,801
802,808
809,816
817,826
827,849
850,856
857,865
866,874
875,895
896,902
903,913
914,936
937,946
947,953
954,967
968,982
983,1009
1010,1020
1021,1036
1037,1050
1051,1060
1061,1069
1070,1083
1084,1092
1093,1100
1101,1113
1114,1126
1127,1138
1139,1158
1159,1169
1170,1173
1174,1178
1179,1196
1197,1214
1215,1232
1233,1257
1258,1270
1271,1283
1284,1294
1295,1315
1316,1319
1320,1341
1342,1353
1354,1367
1368,1413
1414,1418
1419,1423
1424,1438
1439,1454
1455,1481
1482,1493
1494,1501
1502,1508
1509,1515
1516,1524
1525,1541
1542,1549
1550,1567
1568,1580
1581,1617
1618,1636
1637,1652
1653,1667
1668,1681
1685,1713
1714,1730
1731,1750
1751,1765
1766,1771
1772,1786
1787,1806
1807,1833
1834,1851
1852,1874
1875,1880
1881,1894
1895,1911
1912,1916
1920,1929
1930,1936
1937,1960
1961,1984
1985,2004
2005,2010
2011,2017
2018,2024
2025,2030
2031,2040
2041,2054
2055,2072
2073,2079
2080,2099
2100,2119
2120,2129
2130,2137
2138,2146
2147,2152
2153,2167
2168,2180
2181,2199
2201,2212
2213,2223
2224,2245
2246,2265
2266,2270
