76,89
90,118
119,131
132,145
146,156
173,179
184,189
191,204
210,249
250,260
261,268
269,282
283,305
306,315
316,326
328,331
346,352
354,378
380,392
393,398
399,428
434,437
438,447
448,451
452,463
464,476
477,487
488,496
497,505
506,519
520,532
535,545
546,555
556,559
561,567
568,576
583,592
593,598
599,604
605,615
616,621
622,631
634,650
651,656
657,660
661,670
671,684
685,689
693,699
700,709
710,718
719,729
730,747
748,767
768,778
779,782
786,795
796,805
806,816
817,828
829,839
840,844
845,864
865,876
877,885
886,889
891,903
904,907
913,924
925,935
936,946
947,957
958,969
970,975
976,987
988,1000
1002,1008
1009,1014
1015,1020
1023,1026
1027,1039
1040,1050
1051,1062
1063,1074
1075,1078
1079,1085
1086,1095
1096,1107
1108,1111
1112,1138
1140,1146
1147,1158
1159,1173
1174,1177
1178,1189
1190,1197
1198,1206
1207,1214
1215,1222
1223,1235
1236,1241
1242,1252
1253,1260
1261,1274
1275,1279
1280,1290
1291,1300
1301,1309
1310,1316
1317,1325
1326,1332
1333,1338
1339,1346
1347,1362
1363,1375
1376,1395
1396,1405
1406,1411
1412,1422
1423,1430
1431,1437
1438,1446
1447,1454
1455,1467
1468,1477
1478,1493
1494,1523
1524,1544
1545,1551
1559,1581
1582,1594
1595,1605
1606,1614
1615,1632
1633,1642
1643,1648
1649,1655
1656,1662
1665,1671
1674,1689
1690,1705
1706,1729
1730,1736
1737,1745
1746,1749
1750,1757
1758,1767
1768,1776
1777,1784
1785,1796
1797,1806
1807,1816
1817,1824
1825,1828
1829,1841
1842,1856
1857,1862
1865,1868
1869,1879
1880,1887
1888,1894
1895,1900
1901,1908
1909,1917
1918,1929
1930,1936
1937,1945
1946,1952
1953,1960
1961,1965
1966,1975
1976,1986
1987,2000
2002,2015
2016,2024
2025,2038
2039,2054
2055,2065
2066,2085
2086,2093
2094,2106
2107,2121
2122,2127
2128,2137
2138,2144
2145,2159
2160,2164
2165,2171
2172,2185
2186,2192
2193,2200
2201,2210
2211,2216
2217,2226
2227,2239
2240,2251
2255,2261
2265,2280
2281,2290
2291,2303
2304,2319
2320,2338
2339,2354
2355,2368
2369,2382
