76,110
111,127
128,155
156,180
181,205
207,217
219,238
239,290
291,321
322,328
329,338
339,344
345,360
361,373
374,398
399,411
412,428
429,441
442,453
454,479
480,494
495,506
507,514
515,534
535,556
557,564
565,579
580,593
594,607
608,618
619,624
625,637
638,644
648,661
662,672
673,682
683,692
693,700
701,711
712,721
722,733
734,740
741,748
749,758
759,767
771,776
777,781
782,797
798,816
817,827
828,842
843,873
874,893
894,904
905,909
910,914
915,933
934,951
952,975
976,985
986,991
992,1022
1023,1032
1033,1046
1047,1058
1059,1071
1072,1079
1080,1095
1096,1106
1107,1120
1121,1153
1154,1159
1160,1188
1189,1201
1202,1211
1212,1223
1224,1233
1234,1241
1242,1251
1252,1264
1265,1274
1275,1286
1287,1305
1306,1317
1318,1329
1330,1349
1350,1375
1376,1379
1380,1398
1399,1412
1413,1427
1428,1436
1437,1461
1462,1478
1479,1494
1495,1526
1527,1534
1535,1546
1547,1551
1552,1561
1562,1582
1586,1615
1616,1632
1633,1653
1654,1676
1677,1703
1704,1730
1731,1744
1745,1757
1758,1770
1771,1790
1791,1805
1808,1819
1820,1823
1824,1833
1834,1848
1849,1870
1871,1890
1891,1898
1899,1904
1905,1924
1925,1948
1949,1962
1963,1968
1969,1994
1995,2013
2014,2033
2034,2063
2064,2093
2094,2103
2104,2117
2118,2124
2189,2192
2193,2199
2200,2206
2207,2212
2213,2226
2227,2250
2252,2255
2256,2278
2279,2288
2289,2298
2299,2313
2314,2320
2321,2345
2346,2360
2361,2374
2375,2385
2386,2393
2400,2418
2419,2444
2445,2468
2469,2491
2492,2511
2512,2521
2522,2540
2541,2552
2553,2561
2562,2572
2573,2583
2584,2607
2608,2622
2623,2643
2644,2661
2662,2672
2673,2693
2694,2708
2709,2719
2720,2723
2724,2737
2738,2769
2770,2798
2799,2807
2808,2815
2816,2829
2830,2838
2839,2857
2858,2877
2878,2890
2891,2904
2905,2927
2928,2960
2961,2973
2974,2986
2987,3005
3006,3017
3018,3025
3026,3035
3036,3047
3048,3062
3063,3083
3084,3106
3107,3121
3122,3149
3150,3165
3166,3182
3183,3209
3210,3222
3223,3239
3240,3254
3255,3269
3270,3324
3325,3329
3330,3337
3341,3354
3355,3363
3364,3373
3374,3388
3389,3400
3401,3406
3407,3413
3414,3426
3427,3440
3441,3448
3449,3460
3461,3478
3479,3487
3488,3499
3500,3517
3518,3531
3532,3537
3538,3550
3552,3583
3584,3596
3597,3616
3617,3637
3638,3641
3642,3649
3650,3656
3657,3665
3666,3677
3678,3693
3694,3710
3711,3728
3729,3747
3748,3762
3763,3776
3777,3791
3792,3805
3806,3809
3810,3822
3823,3832
3833,3842
3843,3857
3858,3865
3866,3874
3875,3879
3884,3891
3892,3902
3903,3915
3916,3922
3923,3935
3936,3947
3953,3966
3967,3986
3987,4015
4016,4023
4024,4029
4030,4034
4035,4052
4053,4067
4068,4079
4080,4092
4093,4107
4108,4117
4118,4126
4127,4156
4157,4181
4182,4208
4209,4229
4230,4240
4241,4251
4252,4286
4287,4302
4303,4320
4321,4326
4327,4338
4339,4370
4372,4384
4385,4402
4403,4412
4413,4424
4425,4435
4436,4446
4447,4467
4468,4493
4494,4501
4502,4506
4507,4511
4512,4535
4536,4544
4545,4569
4570,4580
4581,4595
4596,4602
4603,4612
4613,4623
4634,4665
4666,4684
4685,4715
4716,4747
4748,4770
4771,4788
4789,4817
4818,4828
4829,4835
4836,4849
4850,4876
4877,4888
4889,4902
4903,4911
4912,4921
4922,4930
