79,100
101,124
125,134
135,145
146,158
159,163
164,177
178,208
209,227
228,251
252,270
271,284
285,312
313,338
339,390
391,401
402,422
423,429
430,493
494,499
500,504
505,516
517,535
536,552
553,563
564,572
573,587
588,597
598,606
607,615
616,624
625,631
632,644
645,653
654,661
662,674
675,678
679,690
691,694
699,712
713,718
719,728
729,749
750,764
765,768
769,778
779,789
790,801
802,807
808,816
817,826
827,846
847,861
863,866
867,879
880,888
892,896
897,909
910,916
917,928
929,939
940,950
951,959
960,964
965,984
985,1001
1002,1011
1015,1030
1031,1044
1045,1057
1058,1068
1069,1077
1078,1089
1090,1104
1105,1108
1111,1121
1122,1137
1138,1144
1145,1152
1153,1158
1159,1167
1168,1181
1182,1188
1189,1193
1194,1200
1201,1210
1211,1215
1216,1219
1223,1235
1236,1249
1250,1256
1257,1268
1269,1285
1289,1305
1306,1327
1328,1343
1344,1360
1361,1371
1372,1382
1383,1399
1400,1416
1417,1450
1451,1472
1475,1490
1491,1498
1499,1504
1505,1510
1514,1523
1524,1535
1536,1543
1544,1553
1554,1564
1565,1580
1581,1593
1594,1601
1602,1607
1608,1620
1621,1640
1641,1658
1659,1667
1668,1671
1672,1680
1681,1688
1689,1694
1695,1715
1716,1721
1725,1734
1735,1745
1746,1755
1756,1765
1766,1770
1771,1775
1779,1800
1801,1809
1810,1815
1816,1823
1827,1838
1839,1855
1856,1860
1861,1868
1869,1878
1879,1886
1887,1895
1896,1906
1907,1912
1913,1920
1921,1933
1934,1945
1946,1950
1951,1954
1955,1969
1970,1981
1982,1995
1996,2006
2007,2018
2019,2027
2028,2036
2037,2045
2046,2051
2052,2064
2065,2068
2069,2078
2079,2098
2099,2117
2118,2124
2125,2129
2130,2141
2142,2158
2159,2180
2181,2194
2195,2202
2203,2218
2219,2224
2225,2230
2231,2242
2243,2251
2252,2273
2274,2283
2284,2299
2300,2307
2308,2334
2335,2344
2345,2354
2355,2363
2364,2385
2386,2403
2404,2416
2417,2426
2427,2437
2438,2447
2448,2453
2454,2464
2465,2478
2479,2505
2506,2515
2516,2525
2526,2536
2538,2548
2549,2563
2564,2572
2573,2579
2580,2589
2590,2602
2603,2610
2611,2626
2627,2644
2645,2654
2655,2666
2667,2672
2673,2676
2677,2684
2685,2693
2694,2708
2709,2727
2728,2737
2738,2743
2744,2755
2756,2771
2772,2785
2786,2798
2799,2806
2807,2816
2817,2826
2827,2843
2844,2856
2857,2863
2864,2878
2880,2886
2887,2897
2898,2911
2912,2926
2927,2931
2932,2942
2943,2957
2958,2972
2973,2978
2979,2995
2996,3011
3012,3017
3018,3046
