77,116
117,133
134,220
221,270
271,276
280,283
284,295
296,317
322,326
328,339
340,354
355,368
369,385
386,401
402,414
415,427
428,444
445,453
454,481
482,494
495,510
511,516
517,531
532,548
549,554
555,570
571,575
577,584
585,588
589,593
594,597
598,611
612,623
624,640
641,650
651,659
660,664
665,683
684,699
700,713
714,728
729,749
750,766
767,778
779,808
809,815
816,822
823,835
840,851
852,868
869,878
879,893
894,904
905,919
920,935
936,952
953,959
960,969
970,986
987,995
997,1001
1002,1022
1023,1035
1036,1043
1044,1056
1057,1066
1067,1081
1082,1091
1092,1127
1128,1141
1142,1159
1160,1169
1170,1179
1180,1192
1193,1202
1203,1215
1216,1219
1220,1232
1233,1243
1247,1252
1258,1268
1270,1275
1276,1289
1290,1293
1294,1298
1299,1328
1329,1338
1339,1354
1355,1370
1371,1382
1383,1386
1387,1397
1398,1409
1410,1422
1423,1435
1436,1455
1456,1468
1469,1486
1487,1498
1499,1514
1515,1524
1525,1534
1535,1543
1544,1551
1556,1564
1568,1574
1575,1588
1589,1598
1599,1607
1608,1613
1614,1637
1675,1693
1705,1708
1718,1728
1729,1741
1742,1745
1746,1753
1755,1768
1769,1779
1780,1801
1802,1808
1809,1819
1820,1830
1831,1837
1838,1846
1847,1852
1853,1861
1862,1875
1876,1884
1885,1894
1895,1906
1907,1922
1923,1941
1942,1959
1960,1968
1969,1980
1981,1987
1988,2009
2010,2023
2024,2039
2040,2049
2050,2061
2062,2072
2073,2083
2084,2096
2097,2113
2114,2126
2127,2142
2143,2153
2154,2160
2161,2169
2170,2183
2184,2200
2201,2217
2218,2229
2230,2242
2246,2255
2256,2264
2265,2277
2278,2298
2299,2304
2320,2332
2333,2343
2344,2363
2364,2378
2379,2394
2395,2403
2404,2408
2409,2418
2419,2429
2430,2439
2440,2448
2449,2460
2461,2477
2478,2484
2485,2489
2490,2503
2504,2531
2532,2539
2542,2562
2563,2575
2576,2587
2588,2598
2599,2613
2614,2625
2626,2643
2644,2655
2656,2668
2669,2689
2690,2693
2694,2698
2699,2706
2707,2722
2723,2729
2730,2750
2751,2771
2772,2779
2780,2806
2807,2827
2828,2836
2837,2850
2853,2861
2862,2867
2868,2883
2884,2894
2895,2912
2913,2927
2928,2938
2939,2942
2943,2949
2950,2958
2959,2967
2968,2979
2980,2992
2993,3004
