88,96
97,114
115,131
132,175
176,198
199,210
211,217
218,222
223,252
253,263
264,276
277,286
287,299
300,306
307,317
318,327
328,338
339,346
347,355
356,364
365,389
390,404
405,425
426,437
438,446
447,452
453,457
458,473
474,491
492,503
504,512
513,518
519,530
531,536
537,551
552,557
558,579
580,586
587,656
657,669
670,686
687,703
704,713
714,740
744,756
757,764
765,777
778,786
787,798
799,805
806,817
818,826
830,844
845,853
854,866
867,875
876,887
890,899
900,906
909,922
923,928
929,942
943,946
947,957
958,965
966,977
978,994
995,1010
1011,1019
1020,1032
1033,1053
1054,1073
1074,1086
1087,1103
1104,1118
1119,1129
1130,1139
1140,1143
1144,1156
1157,1176
1177,1196
1197,1207
1208,1217
1218,1225
1226,1237
1238,1254
1255,1269
1270,1279
1280,1290
1291,1305
1306,1325
1326,1336
1337,1354
1355,1375
1376,1387
1388,1391
1393,1398
1399,1404
1405,1417
1418,1428
1429,1441
1442,1449
1450,1457
1458,1470
1471,1486
1487,1491
1492,1504
1505,1514
1515,1524
1525,1541
1542,1561
1562,1574
1575,1596
1597,1619
1620,1632
1633,1639
1640,1651
1652,1662
1663,1686
1687,1698
1699,1713
1714,1730
1731,1743
1744,1758
1759,1766
1767,1774
1775,1781
1782,1793
1794,1816
1817,1855
1856,1883
1884,1891
1892,1904
1905,1913
1914,1923
1924,1939
1940,1954
1955,1960
1961,1966
1967,1975
1976,1992
1993,2011
2012,2029
2030,2055
2056,2079
2080,2099
2100,2115
2119,2122
2125,2143
2144,2161
2162,2186
2187,2208
2209,2225
2226,2244
2247,2258
2259,2270
2271,2290
2291,2298
2299,2313
2314,2341
2342,2348
2349,2353
2359,2364
2365,2375
2376,2391
2392,2405
2406,2415
2416,2438
2439,2450
2451,2458
