78,99
100,116
117,127
128,165
166,201
202,214
215,224
227,235
236,259
260,263
264,270
272,283
284,301
302,321
322,326
327,360
361,370
371,379
380,425
426,433
434,446
447,459
460,471
472,545
546,560
561,573
574,585
586,597
598,612
613,618
619,624
625,634
635,648
649,660
661,681
682,689
690,695
696,703
707,713
714,730
731,748
749,755
756,760
761,768
769,780
781,789
790,795
796,818
819,828
829,849
850,859
860,880
881,894
895,902
903,926
927,947
948,956
957,967
969,979
980,983
984,992
993,1000
1001,1024
1025,1040
1041,1046
1047,1069
1070,1090
1091,1107
1108,1116
1118,1125
1126,1141
1142,1158
1159,1171
1172,1184
1185,1197
1198,1216
1217,1235
1236,1255
1256,1262
1263,1270
1271,1275
1276,1287
1288,1293
1294,1300
1301,1308
1309,1322
1323,1331
1332,1347
1348,1357
1358,1364
1365,1371
1372,1385
1386,1398
1399,1404
1405,1427
1428,1435
1436,1448
1449,1457
1458,1468
1469,1480
1481,1499
1500,1513
1514,1523
1524,1544
1546,1552
1553,1567
1568,1573
1574,1581
1582,1591
1592,1599
1600,1612
1613,1619
1620,1632
1633,1642
1643,1647
1648,1662
1663,1675
1676,1688
1689,1704
1708,1719
1720,1730
1731,1751
1752,1759
1760,1769
1770,1782
1783,1809
1810,1822
1823,1839
1840,1843
1844,1859
1864,1875
1876,1884
1885,1888
1889,1905
1906,1919
1920,1930
1931,1940
1941,1945
1946,1959
1960,1968
1969,1976
1977,1988
1989,1998
1999,2030
2031,2039
2040,2047
2048,2052
2053,2066
2067,2073
2074,2112
2113,2124
2125,2136
2137,2151
2152,2160
2161,2172
2173,2202
2203,2212
2213,2235
2236,2251
2252,2269
2270,2282
2283,2290
2291,2302
2303,2318
2319,2327
2328,2336
2337,2363
2364,2377
2378,2388
2389,2398
2399,2408
2409,2425
2426,2438
2439,2450
2451,2458
2459,2466
2467,2472
2473,2481
2482,2494
2495,2513
2514,2528
2529,2548
2549,2563
2564,2579
2580,2588
