78,123
124,155
156,186
187,208
209,227
228,240
241,254
255,264
265,282
283,303
304,310
311,317
318,325
326,331
332,344
345,355
356,365
366,378
379,388
389,395
396,407
408,414
415,433
434,446
453,460
491,496
519,522
527,540
628,635
636,643
644,662
663,675
676,688
689,697
698,705
706,711
713,731
732,746
747,765
766,782
783,794
795,804
805,816
817,824
825,832
833,840
841,853
854,870
871,878
879,884
885,899
900,904
905,912
916,923
924,936
937,958
959,971
972,982
983,994
995,1006
1007,1023
1024,1039
1040,1046
1047,1055
1067,1073
1074,1082
1083,1094
1095,1104
1105,1121
1122,1132
1136,1142
1143,1158
1159,1164
1165,1175
1176,1186
1187,1193
1194,1200
1201,1222
1223,1231
1232,1236
1237,1256
1257,1261
1262,1275
1276,1285
1286,1301
1302,1310
1311,1321
1322,1327
1328,1341
1342,1350
1351,1359
1360,1379
1380,1392
1393,1405
1409,1416
1417,1422
1423,1444
1445,1458
1459,1467
1468,1473
1475,1485
1486,1502
1503,1508
1509,1523
1524,1544
1545,1558
1559,1572
1573,1587
1588,1600
1601,1610
1611,1621
1622,1633
1634,1651
1652,1657
1658,1673
1674,1681
1682,1690
1691,1701
1702,1712
1713,1725
1726,1737
1738,1770
1771,1777
1778,1789
1790,1802
1803,1807
1808,1821
1822,1829
1830,1845
1846,1852
1853,1867
1868,1878
1879,1885
1886,1902
1903,1913
1914,1919
1920,1932
1933,1937
1938,1950
1954,1970
1971,1978
1979,1999
2000,2007
2008,2031
2032,2039
2040,2046
2047,2051
2052,2065
2066,2072
2073,2077
2080,2090
2091,2104
2118,2121
2122,2126
2127,2136
2137,2141
2142,2149
2150,2161
2162,2167
2168,2176
2177,2186
2187,2193
2194,2200
2201,2210
2211,2220
2235,2238
2241,2253
2254,2264
2265,2280
2281,2293
2294,2299
2300,2315
2316,2320
2321,2327
2328,2340
2341,2355
2356,2369
2370,2385
2386,2408
2409,2425
2426,2440
2441,2451
2452,2462
2463,2470
2471,2478
2479,2486
2487,2497
2498,2508
2509,2519
2520,2529
2530,2534
2535,2545
2546,2558
2559,2579
2580,2592
2593,2600
2601,2617
2618,2624
2625,2630
2631,2641
2642,2656
2657,2668
2669,2677
2678,2684
2685,2703
2704,2714
2715,2724
2725,2733
2734,2745
2746,2753
2754,2766
2767,2791
2792,2803
2804,2815
2816,2824
2825,2847
2848,2853
2854,2861
2862,2869
2870,2874
2877,2883
2886,2889
2890,2895
2903,2909
2910,2913
2914,2917
2918,2924
2928,2931
2933,2947
2948,2956
2957,2965
2966,2976
2977,2992
2993,3004
3005,3016
3017,3022
3023,3030
