76,90
91,112
113,126
127,148
149,160
161,182
183,188
189,199
200,211
212,237
238,251
252,277
278,299
300,319
320,330
331,341
342,348
349,353
354,361
362,375
376,384
385,394
395,417
418,425
426,436
437,454
458,466
467,485
486,501
502,517
518,527
528,534
535,543
548,552
557,570
571,588
589,596
597,601
602,609
610,616
617,624
625,635
636,652
653,669
670,688
689,697
698,704
705,715
716,738
739,748
749,757
758,764
765,779
780,786
787,800
801,816
817,835
836,843
844,853
854,876
877,892
893,904
905,913
914,917
918,921
922,936
937,950
951,964
965,971
972,981
982,989
990,999
1000,1007
1008,1027
1028,1037
1038,1050
1051,1059
1060,1064
1065,1073
1074,1082
1083,1091
1092,1100
1101,1119
1120,1128
1129,1142
1143,1148
1149,1157
1158,1167
1168,1175
1176,1200
1201,1219
1220,1236
1237,1258
1259,1281
1282,1295
1296,1304
1305,1319
1320,1332
1333,1338
1339,1355
1356,1366
1367,1375
1376,1387
1388,1392
1393,1417
1418,1429
1430,1440
1444,1448
1452,1469
1470,1484
1485,1493
1494,1513
1514,1529
1530,1547
1548,1557
1558,1564
1565,1572
1573,1587
1588,1599
1600,1610
1611,1623
1624,1642
1643,1657
1658,1668
1669,1683
1684,1688
1689,1695
1696,1706
1707,1716
1717,1720
1721,1733
1734,1744
1745,1759
1760,1768
1769,1772
1773,1797
1798,1814
1815,1825
1826,1840
1841,1849
1850,1859
1860,1875
1876,1892
1893,1906
1907,1913
1914,1924
1925,1933
1934,1949
1950,1975
1976,1980
1981,1995
1996,2014
2015,2028
2037,2043
2044,2059
2060,2068
2069,2081
2082,2099
2100,2105
2106,2116
2117,2135
2136,2150
2151,2161
2162,2175
2176,2195
2196,2208
2209,2233
2234,2254
2255,2269
2270,2283
2284,2301
2302,2312
2313,2322
2323,2331
2334,2342
2343,2352
2353,2361
2362,2374
2375,2389
2390,2401
2402,2410
2411,2420
2421,2447
2448,2465
2466,2477
2478,2495
2500,2507
2508,2523
2524,2537
2538,2547
2548,2559
2560,2572
2573,2592
2593,2604
2605,2614
2615,2625
2626,2632
2633,2643
2644,2651
2652,2659
2660,2671
2672,2680
2681,2690
2691,2698
2702,2710
2711,2719
2720,2730
2731,2734
2735,2754
2755,2764
2765,2773
2774,2785
2786,2790
2791,2807
2808,2813
2814,2829
2830,2843
2844,2855
2856,2865
2866,2872
2873,2891
2892,2909
2910,2916
2917,2922
2923,2937
2938,2950
2951,2966
2967,2977
2978,2991
2992,3009
3010,3027
3028,3038
3039,3050
3051,3067
3068,3091
3092,3110
3111,3128
3129,3145
3146,3159
3160,3169
3170,3177
3178,3188
3189,3209
3210,3224
3225,3234
3235,3241
3242,3250
