78,82
83,98
99,111
112,126
127,137
138,160
161,168
173,177
178,189
190,194
195,220
221,230
231,236
238,241
243,249
250,265
269,277
278,302
303,314
315,324
325,349
350,362
363,378
379,394
395,401
402,428
429,437
438,448
449,466
467,473
474,482
483,490
491,498
499,511
512,521
522,536
537,546
547,560
561,574
575,584
585,598
599,609
610,624
625,638
639,644
645,657
658,669
670,687
688,705
706,721
722,728
729,736
737,766
767,772
773,785
786,796
797,805
806,814
815,836
837,855
856,865
866,869
870,876
877,885
886,893
894,904
905,921
922,941
942,975
977,985
986,995
996,1007
1011,1020
1021,1028
1029,1037
1038,1049
1050,1070
1071,1089
1090,1096
1097,1105
1106,1115
1116,1128
1129,1145
1146,1153
1154,1165
1166,1177
1178,1182
1183,1200
1201,1234
1235,1256
1257,1283
1284,1305
1306,1327
1328,1343
1344,1353
1354,1366
1367,1382
1383,1386
1387,1401
1402,1409
1410,1423
1424,1436
1437,1445
1446,1469
1470,1485
1486,1520
1521,1534
