76,94
95,120
121,133
134,146
147,160
161,214
215,249
250,258
259,275
276,281
282,288
289,309
310,315
316,330
331,339
340,357
358,375
376,387
388,394
395,401
402,407
408,433
434,457
458,483
484,496
497,508
509,518
519,546
547,559
561,570
571,576
577,587
588,604
605,619
620,636
637,661
662,671
672,685
686,711
712,723
724,727
728,740
741,748
749,757
758,770
771,779
780,795
796,807
808,820
821,838
839,846
847,863
864,876
877,902
903,914
915,930
931,942
943,957
958,963
964,971
972,992
993,1016
1017,1041
1042,1064
1065,1088
1089,1107
1108,1131
1132,1156
1157,1166
1167,1173
1174,1183
1184,1201
1202,1219
1220,1230
1231,1240
1241,1254
1255,1268
1269,1276
1277,1283
1284,1299
1300,1314
1315,1327
1328,1362
1363,1373
1374,1399
1400,1412
1413,1431
1432,1445
1446,1457
1458,1463
1464,1473
1475,1483
1484,1493
1494,1508
1509,1544
1545,1553
1554,1562
1563,1582
1583,1589
1590,1599
1600,1609
1610,1629
1630,1638
1639,1649
1650,1658
1659,1669
1670,1684
1685,1705
1706,1715
1716,1745
1746,1762
1763,1774
1775,1785
1786,1795
1796,1807
1808,1823
1824,1833
1834,1844
1845,1863
1864,1886
1887,1896
1899,1905
1906,1918
1919,1939
1940,1947
1948,1969
1970,1980
1981,1992
1993,2004
2005,2012
2013,2031
2032,2048
2049,2062
2063,2080
2081,2095
2097,2107
2108,2119
2120,2137
2138,2159
2160,2182
2183,2204
2205,2215
2216,2225
2226,2231
2232,2250
2258,2263
2264,2277
2278,2287
2288,2295
2296,2308
2309,2318
2319,2326
2327,2342
2343,2357
2358,2376
2377,2402
2403,2410
2411,2422
2423,2432
2433,2442
2443,2453
2454,2462
2463,2476
2477,2487
2488,2495
2496,2507
2516,2536
2537,2543
2544,2558
2559,2573
2574,2589
2590,2597
2598,2611
2612,2617
2618,2627
2628,2633
2634,2652
2653,2671
2672,2695
2696,2713
2714,2737
2738,2743
2744,2760
2761,2773
2774,2789
2790,2802
2803,2808
2809,2816
2817,2833
2834,2851
2852,2881
2882,2899
2900,2909
2910,2917
2918,2932
2933,2950
2951,2956
2957,2971
2972,2978
2979,2986
2987,2998
2999,3006
3007,3013
3014,3024
3025,3034
3035,3042
3043,3046
3047,3055
3056,3076
3077,3097
3098,3116
3117,3127
3130,3142
3143,3160
3161,3172
3173,3177
3178,3188
3189,3211
3212,3223
3224,3233
3234,3253
3254,3269
3270,3284
3285,3302
3303,3317
3321,3334
3335,3348
3349,3362
3363,3379
3380,3396
3397,3408
3409,3420
3421,3445
3446,3460
3461,3469
3470,3476
3477,3489
3490,3507
3508,3531
3532,3551
3552,3573
3574,3591
3592,3602
3603,3608
3609,3624
3625,3643
3644,3660
3661,3679
3680,3691
3692,3699
3700,3712
3713,3729
3730,3749
3750,3764
3765,3773
3779,3796
3797,3805
3806,3811
3812,3818
3819,3835
3836,3850
3851,3856
3857,3861
3862,3870
3871,3882
3883,3900
3901,3924
3925,3935
3936,3947
3948,3956
3957,3967
3968,3986
3987,4010
4011,4020
4021,4034
4035,4044
4045,4058
4059,4063
4064,4068
4069,4074
4075,4085
4088,4114
4115,4119
4120,4131
4132,4137
4139,4148
4149,4160
4161,4168
4169,4172
4173,4184
4185,4197
4198,4212
4213,4221
4222,4240
4241,4247
4248,4256
4257,4268
4269,4282
4283,4335
4336,4353
4354,4363
4364,4370
4445,4454
4455,4462
4463,4470
4471,4490
4491,4500
4501,4515
4516,4526
4527,4536
4537,4544
