135,154
155,159
161,172
173,182
183,193
194,199
209,214
217,231
232,252
253,261
262,268
269,280
281,293
294,303
304,311
312,320
321,332
333,350
351,369
370,386
387,397
401,411
412,419
420,424
428,438
439,451
452,468
469,479
480,490
491,505
506,510
511,514
515,524
525,541
542,554
555,563
564,572
573,580
581,592
831,843
844,851
852,866
867,870
880,889
890,896
897,901
902,919
920,931
932,937
938,958
959,964
965,974
975,979
980,984
985,997
998,1009
1010,1014
1015,1034
1035,1040
1041,1049
1050,1058
1059,1068
1069,1076
1079,1089
1090,1104
1105,1118
1119,1133
1134,1144
1145,1148
1149,1155
1156,1167
1168,1182
1183,1199
1200,1210
1211,1219
1220,1228
1232,1245
1246,1260
1261,1269
1273,1277
1279,1288
1321,1324
1327,1341
1342,1378
1380,1386
1387,1396
1397,1411
1412,1426
1427,1431
1432,1443
1444,1447
1448,1454
1455,1460
1461,1477
1478,1486
1487,1498
1499,1511
1512,1531
1532,1540
1541,1553
1554,1561
1562,1573
1574,1582
1583,1595
1596,1602
1603,1613
1618,1625
1628,1639
1640,1667
1668,1681
1682,1690
1691,1699
1700,1715
1716,1722
1723,1730
1731,1745
1746,1755
1756,1759
1761,1773
1774,1781
1782,1792
1793,1797
1803,1807
1808,1814
1815,1824
1829,1836
1840,1858
1859,1866
1867,1877
1878,1897
1898,1907
1908,1918
1919,1926
1927,1944
1945,1952
1953,1959
1960,1978
1979,1987
1988,1996
1997,2001
2002,2007
2008,2014
2015,2028
2029,2042
2043,2052
2053,2065
2066,2073
2074,2093
2094,2106
2107,2121
2122,2140
2141,2161
2162,2181
2182,2189
2190,2200
2201,2208
2209,2218
2224,2242
2243,2257
2258,2267
2268,2275
2276,2286
2287,2295
2305,2314
2315,2329
2330,2335
2336,2352
2353,2367
2368,2383
2384,2397
2398,2403
2404,2408
2409,2423
2424,2442
2443,2449
2450,2456
2457,2468
2469,2475
2476,2485
2486,2497
2498,2510
2511,2531
2532,2537
2538,2549
2550,2557
2558,2575
2576,2585
2586,2591
2592,2600
2601,2610
2611,2624
2625,2635
2636,2645
2646,2656
2657,2672
2673,2682
2683,2691
2692,2698
2699,2708
2713,2720
2721,2737
2738,2752
2753,2772
2773,2784
2786,2792
2793,2810
2811,2818
2819,2827
2828,2834
2835,2852
2853,2870
2871,2887
2888,2896
2897,2909
2910,2927
2928,2943
2944,2951
2952,2955
2956,2962
2963,2966
2967,2983
2984,3002
3073,3083
3084,3102
3103,3122
3123,3127
3128,3136
3137,3145
3146,3155
3156,3166
3167,3173
3174,3184
3185,3203
3204,3223
3224,3239
3240,3256
3257,3265
3266,3277
3278,3287
3288,3292
3294,3297
3303,3322
3324,3343
3344,3349
3350,3360
3361,3370
3371,3379
3380,3387
3388,3397
3398,3406
3407,3410
3411,3420
3421,3439
3441,3451
3452,3465
3466,3481
3482,3488
3489,3498
3499,3517
3518,3521
3522,3528
3529,3537
3538,3546
3547,3555
3556,3567
3568,3579
3580,3587
3588,3596
3597,3606
3664,3673
3674,3685
3686,3695
3696,3706
3707,3716
3717,3733
3734,3740
3741,3746
3747,3755
3756,3761
3763,3787
3788,3796
3797,3802
3803,3814
3815,3823
3824,3844
3845,3853
3854,3861
3862,3877
3878,3885
3886,3896
3897,3902
3903,3915
3916,3927
3928,3945
3946,3957
3958,3967
3968,3974
3975,3979
3980,3983
3984,4002
4003,4023
4024,4044
4045,4065
4066,4071
4072,4077
4078,4093
4094,4110
4111,4120
4121,4127
4128,4134
4135,4144
4145,4155
4156,4161
