76,130
131,158
159,183
184,214
215,223
224,227
228,234
235,260
261,267
268,283
284,289
290,303
304,323
324,347
348,366
367,382
383,391
393,401
402,424
425,445
446,453
454,464
465,475
479,495
496,511
512,538
539,555
556,569
570,589
590,608
609,620
621,629
630,637
638,654
655,674
675,694
695,711
712,723
724,741
742,761
762,772
773,777
778,788
791,806
807,821
822,830
831,842
843,863
864,876
877,888
889,901
902,910
911,933
934,953
954,969
970,991
992,1010
1011,1021
1022,1032
1033,1039
1040,1047
1048,1070
1071,1092
1093,1117
1118,1129
1130,1150
1151,1176
1177,1195
1198,1217
1218,1231
1232,1248
1249,1259
1262,1275
1276,1280
1281,1301
1302,1310
1311,1320
1321,1333
1334,1352
1353,1364
1365,1374
1375,1382
1383,1394
1395,1410
1411,1425
1426,1436
1437,1449
1450,1458
1459,1472
1473,1498
1499,1512
1513,1526
1527,1541
1542,1550
1551,1557
1558,1568
1569,1594
1595,1610
1613,1619
1620,1644
1645,1653
1654,1679
1680,1685
1686,1697
1698,1713
1714,1719
1720,1724
1725,1744
1745,1763
1768,1794
1795,1805
1806,1813
1814,1822
1823,1839
1840,1852
1853,1863
1864,1875
1876,1895
1896,1903
1904,1912
1913,1920
1921,1941
1942,1952
1953,1961
1962,1967
1968,1992
1993,1997
1998,2009
2010,2018
2019,2044
2045,2090
2091,2103
2104,2118
2119,2135
2136,2149
2150,2170
2171,2185
2186,2191
2192,2202
2203,2209
2210,2216
2217,2222
2223,2226
2227,2232
2233,2243
2244,2250
2251,2258
2259,2263
2264,2268
2270,2273
2274,2282
2283,2298
2303,2322
2323,2336
2355,2371
2372,2381
2382,2391
2392,2402
2403,2408
2409,2414
2415,2429
2430,2437
2438,2450
2451,2457
2462,2475
2476,2498
2499,2518
2519,2542
2543,2551
2552,2563
2564,2570
2571,2580
2581,2595
2596,2607
2608,2613
2614,2622
2623,2644
2645,2648
2649,2653
2654,2657
2658,2675
2676,2702
2703,2718
2719,2733
2734,2739
2740,2748
2749,2760
2761,2774
2775,2784
2785,2793
2794,2802
2803,2826
2831,2845
2846,2857
2858,2871
2872,2883
2884,2893
2894,2905
2906,2914
2915,2920
2921,2936
2937,2953
2954,2966
2967,2981
2982,2998
2999,3010
3011,3021
3022,3038
3039,3049
3050,3059
3060,3078
3079,3101
3102,3109
3110,3120
3121,3129
3130,3137
3138,3157
3158,3182
3183,3192
3193,3201
3202,3214
3215,3223
3224,3237
3238,3260
3261,3274
3279,3290
3291,3309
3310,3324
3325,3337
3338,3359
3360,3372
3373,3377
3378,3388
3389,3401
3402,3416
3417,3436
3437,3453
3454,3473
3474,3499
3500,3525
3526,3538
3539,3561
3562,3577
3578,3610
3612,3618
3619,3626
3627,3640
3641,3646
3647,3654
3655,3665
3666,3705
3706,3716
3717,3729
3730,3753
3754,3772
3773,3804
3805,3816
3817,3839
3840,3848
3849,3857
3858,3872
3873,3890
3891,3906
3907,3921
3922,3930
3931,3938
3939,3945
3946,3958
3959,3971
3972,3982
3983,3990
