76,80
82,85
86,97
98,106
107,117
118,159
160,207
208,226
227,245
246,270
271,278
279,288
289,302
303,319
320,342
343,359
360,372
373,382
383,397
398,404
405,419
420,431
432,438
439,447
448,455
456,465
466,472
473,487
488,499
500,517
518,530
531,536
537,560
561,581
582,603
604,617
618,637
638,648
649,654
655,670
672,680
681,689
690,699
700,709
710,719
720,734
735,744
745,759
760,772
773,785
792,801
802,817
818,835
836,845
846,857
858,863
864,872
873,881
882,895
896,916
917,937
938,947
948,955
956,967
968,980
981,1000
1001,1017
1018,1033
1034,1043
1072,1076
1077,1088
1089,1108
1109,1117
1118,1125
1126,1147
1148,1159
1160,1167
1168,1177
1178,1185
1186,1201
1202,1211
1212,1218
1219,1239
1240,1254
1255,1271
1272,1278
1279,1286
1287,1295
1296,1311
1312,1325
1326,1342
1343,1358
1359,1385
1386,1389
1390,1399
1400,1408
1409,1418
1419,1424
1425,1434
1435,1453
1454,1460
1461,1475
1476,1484
1485,1494
1495,1502
1537,1540
1541,1548
1549,1554
1555,1561
1562,1575
1576,1582
1583,1591
1592,1604
1605,1612
1613,1620
1621,1632
1633,1654
1655,1667
1668,1689
1690,1703
1704,1716
1720,1727
1728,1737
1738,1747
1748,1756
1757,1766
1767,1784
1785,1800
1801,1819
1820,1832
1834,1838
1840,1847
1848,1852
1853,1865
1866,1883
1884,1895
1896,1916
1917,1931
1932,1954
1957,1966
1967,1980
1981,1993
1994,2004
2005,2012
2013,2022
2023,2030
2031,2046
2047,2056
2058,2065
2066,2081
2082,2085
2086,2092
2093,2111
2112,2120
2121,2126
2127,2137
2138,2155
2156,2162
2163,2175
2176,2186
2187,2201
2202,2210
2212,2230
2231,2243
2244,2264
2265,2283
2284,2292
2293,2302
2303,2327
2328,2339
2340,2344
2345,2356
2357,2366
2367,2391
2392,2397
2398,2409
2410,2417
2418,2430
2431,2449
2450,2459
2460,2465
2466,2473
2474,2490
2491,2506
2507,2518
2519,2526
2527,2543
2544,2553
2554,2561
2562,2575
2576,2583
2584,2593
2594,2601
2602,2614
2615,2620
2621,2633
2634,2647
2648,2661
2662,2672
2673,2678
2679,2695
2696,2700
2701,2708
2709,2728
2729,2742
2743,2754
2756,2769
2770,2793
2801,2804
2808,2811
2812,2826
2829,2834
2837,2840
2853,2863
2864,2870
2871,2876
2877,2885
2886,2894
2895,2908
2909,2912
2913,2922
2923,2939
2940,2956
2957,2966
2967,2973
2974,2983
2984,2997
2998,3015
3016,3023
3024,3031
3032,3036
3042,3046
3056,3063
3064,3074
3075,3086
3087,3109
3110,3120
3121,3146
3147,3171
3172,3177
3178,3186
3187,3207
3208,3215
3216,3221
3222,3231
3235,3249
3254,3262
3263,3269
3270,3282
3283,3286
3287,3294
3295,3302
3303,3311
3312,3319
3320,3328
3329,3335
3338,3351
3352,3362
3363,3374
3375,3384
3385,3390
3393,3398
3399,3405
3406,3423
3424,3431
3432,3438
3439,3450
3451,3462
3463,3472
3473,3481
3482,3503
3504,3516
3517,3529
3530,3536
3537,3565
3566,3578
3582,3592
3594,3597
3598,3611
3612,3619
3620,3625
3670,3673
3680,3687
3688,3712
3713,3728
3729,3737
3738,3741
3742,3750
3751,3763
3764,3784
3785,3793
3794,3801
3802,3813
3814,3821
3822,3829
3830,3833
3834,3842
3843,3855
3856,3861
3862,3871
3872,3880
3881,3891
