76,91
92,95
96,105
106,134
135,144
145,176
177,201
204,211
212,228
229,236
237,272
299,314
315,334
335,357
358,373
381,396
397,410
411,433
434,449
450,460
461,470
474,493
494,506
507,512
513,519
520,531
534,550
551,571
572,580
581,584
585,605
608,618
619,632
633,636
665,684
685,700
701,719
720,742
743,752
753,761
762,775
776,786
787,796
797,822
823,830
831,842
843,850
851,862
863,875
876,888
889,908
909,925
927,930
931,942
943,965
966,979
980,1001
1002,1014
1015,1036
1037,1055
1056,1069
1070,1083
1084,1095
1096,1101
1102,1116
1117,1131
1132,1146
1147,1153
1154,1170
1171,1190
1191,1210
1211,1220
1221,1243
1244,1259
1260,1278
1279,1285
1286,1293
1294,1301
1302,1312
1313,1330
1333,1342
1344,1352
1353,1364
1365,1375
1376,1389
1390,1400
1401,1417
1418,1439
1440,1452
1453,1465
1466,1490
1491,1512
1513,1538
1539,1548
1549,1559
1560,1572
1573,1583
1584,1597
1598,1605
1606,1616
1617,1632
1633,1643
1644,1648
1649,1654
1655,1666
1667,1677
1678,1691
1692,1697
1698,1713
1714,1737
1738,1749
1750,1765
1766,1776
1777,1788
1789,1797
1798,1805
1806,1812
1813,1818
1819,1829
1830,1835
1836,1845
1846,1868
1869,1889
1890,1906
1907,1912
1914,1924
1925,1933
1934,1943
1944,1956
1957,1972
1973,1986
1987,2009
2010,2027
2028,2044
2045,2054
2055,2061
2062,2082
2083,2088
2089,2098
2099,2149
2150,2160
2161,2171
2172,2178
2179,2182
2183,2190
2191,2199
2200,2207
2208,2222
2223,2230
2231,2234
2235,2246
2247,2254
2255,2266
2267,2271
2272,2284
2285,2296
2297,2309
2310,2317
2318,2328
2329,2348
2407,2417
2418,2431
2432,2438
2439,2450
2451,2466
2467,2470
2471,2483
2484,2490
2491,2509
2510,2520
2521,2528
2529,2553
2554,2564
2565,2584
2585,2609
2610,2615
2616,2626
2627,2645
2646,2653
2654,2659
2660,2671
2672,2694
2695,2703
2704,2708
2709,2716
2717,2730
2731,2737
2739,2742
2744,2750
2753,2766
2767,2770
2771,2781
2782,2795
2796,2817
2818,2821
2822,2838
2839,2843
2844,2856
2857,2865
2866,2876
2877,2885
2886,2899
2900,2912
2913,2917
2918,2925
2926,2939
2940,2949
2950,2964
2965,2981
2982,2993
2994,3005
3006,3014
3015,3023
3024,3030
3031,3052
3053,3071
3072,3092
3093,3102
3103,3109
3110,3120
3121,3126
3130,3134
3135,3149
3150,3160
3161,3172
3173,3182
3183,3201
3202,3207
3208,3225
3226,3238
3239,3259
3260,3268
3269,3284
3285,3298
3299,3304
3305,3316
3317,3335
3336,3348
3349,3366
3367,3380
3381,3396
3397,3431
3432,3439
3440,3449
3450,3456
3457,3473
3475,3482
3483,3493
3494,3500
3501,3507
3508,3531
3532,3539
3540,3555
3556,3570
3574,3581
3588,3592
3593,3602
3603,3618
3619,3638
3639,3649
3650,3658
3664,3675
3676,3684
3685,3706
3707,3718
3719,3728
3729,3740
3741,3753
3754,3783
3784,3795
3796,3802
3803,3814
