80,86
87,112
113,134
135,139
140,148
149,172
173,191
192,200
201,205
206,221
222,233
234,251
252,261
262,272
273,282
283,295
297,306
307,330
331,338
339,354
355,363
364,369
370,385
386,398
399,405
406,414
415,424
425,439
440,450
451,458
459,470
471,482
483,491
492,502
503,510
511,520
521,530
531,542
543,551
552,564
565,586
587,611
612,617
618,624
625,637
638,646
647,652
654,672
673,689
690,702
703,709
710,722
723,728
729,741
742,750
751,759
760,775
776,785
786,791
792,815
816,829
830,837
838,850
851,861
862,880
881,892
893,906
907,925
926,935
936,956
957,976
977,983
984,994
995,1009
1010,1021
1022,1039
1040,1054
1055,1065
1066,1076
1077,1091
1092,1101
1102,1111
1112,1126
1127,1143
1144,1160
1161,1177
1178,1191
1194,1201
1202,1214
1215,1224
1225,1235
1236,1246
1247,1256
1257,1264
1265,1278
1279,1295
1296,1302
1303,1306
1307,1314
1315,1323
1324,1331
1332,1343
1344,1358
1359,1378
1379,1399
1400,1418
1419,1438
1439,1450
1451,1462
1463,1469
1470,1479
1480,1487
1488,1496
1497,1506
1507,1513
1514,1523
1524,1532
1533,1547
1548,1559
1560,1572
1573,1584
1585,1601
1602,1616
1617,1623
1624,1627
1628,1638
1639,1663
1664,1672
1673,1682
1683,1690
1691,1701
1702,1715
1716,1728
1729,1744
1745,1757
1758,1769
1770,1778
1779,1795
1796,1808
1809,1821
1822,1831
1832,1837
1838,1849
1850,1858
1859,1865
1866,1873
1874,1884
1885,1894
1895,1904
1905,1930
1931,1939
1940,1962
1963,1969
1970,1981
1982,1992
1993,2007
2008,2023
2024,2047
2048,2064
2065,2073
2074,2082
2083,2093
2094,2101
2102,2121
2122,2127
2128,2136
2137,2143
2145,2151
2152,2159
2160,2167
2168,2176
2177,2194
2195,2202
2203,2221
2222,2240
2241,2264
2265,2286
2287,2296
2297,2304
2305,2318
2319,2338
2339,2361
2362,2375
2376,2385
2386,2392
2393,2413
2414,2427
2428,2431
2432,2442
2443,2451
2452,2472
2473,2490
2491,2503
2504,2513
2514,2521
2522,2530
2531,2540
2541,2563
2564,2580
2581,2593
2594,2599
2600,2612
2613,2627
2628,2642
2643,2677
2678,2690
2691,2701
2702,2709
2710,2721
2722,2734
2735,2755
2756,2773
2774,2793
2794,2811
2812,2825
2826,2843
2844,2861
2865,2875
2876,2888
2889,2894
2897,2904
2905,2914
2915,2928
2929,2945
2946,2960
2961,2976
2977,2984
2985,3004
3005,3011
3012,3019
3020,3038
3039,3056
3057,3063
3064,3069
3070,3083
3090,3111
3112,3119
3120,3130
3131,3139
3140,3164
3165,3185
3186,3201
3202,3212
3213,3220
3221,3231
3232,3238
3239,3245
3247,3263
3269,3272
3273,3285
3286,3298
3302,3315
3316,3330
3332,3340
3341,3346
3347,3359
3360,3365
3366,3373
3374,3384
3385,3408
3409,3425
3426,3445
3446,3456
3457,3471
3472,3483
3484,3487
3488,3501
3502,3511
3512,3517
3518,3535
3536,3546
3547,3557
3558,3568
3569,3579
3580,3588
3589,3602
3603,3612
3613,3633
3634,3644
3645,3649
3651,3659
3660,3676
3677,3694
3695,3703
3704,3721
3722,3727
3728,3734
3735,3738
