77,81
82,92
97,112
113,124
129,134
140,152
153,159
160,172
173,177
267,285
291,296
306,323
324,334
335,341
342,360
361,371
374,383
409,412
413,422
423,442
455,458
462,470
471,476
478,491
496,499
500,508
509,516
603,613
615,629
630,636
637,645
646,654
655,670
675,689
690,698
702,711
712,727
728,738
739,744
745,752
753,772
773,785
786,798
799,811
851,867
868,875
876,879
880,889
890,917
918,933
934,954
955,968
969,976
978,981
1167,1177
1178,1204
1205,1229
1230,1243
1244,1257
1263,1272
1273,1288
1289,1298
1299,1307
1308,1318
1319,1332
1333,1348
1349,1361
1362,1367
1369,1374
1375,1385
1386,1400
1401,1418
1419,1428
1429,1448
1449,1455
1457,1469
1470,1482
1483,1492
1493,1509
1512,1532
1533,1551
1552,1561
1562,1568
1569,1576
1577,1586
1587,1603
1604,1619
1620,1632
1633,1645
1646,1665
1677,1695
1699,1714
1715,1731
1732,1740
1741,1750
1751,1762
1763,1772
1773,1797
1798,1810
1811,1817
1818,1821
1822,1831
1832,1846
1847,1850
1851,1859
1860,1870
1871,1888
1889,1902
1903,1915
1916,1928
1929,1938
1939,1944
1945,1953
1954,1960
1961,1975
1976,1987
1988,2003
2004,2014
2015,2020
2021,2027
2028,2038
2039,2047
2048,2057
2058,2061
2062,2076
2077,2088
2089,2095
2096,2102
2103,2115
2116,2133
2134,2151
2152,2163
2164,2178
2179,2187
2188,2197
2198,2212
2213,2223
2224,2238
2239,2245
2246,2257
2258,2274
2275,2290
2291,2299
2300,2308
2309,2314
2315,2323
2324,2335
2336,2356
2357,2369
2370,2374
2375,2380
2381,2393
2394,2406
2407,2415
2416,2427
2428,2436
2437,2441
2442,2466
2467,2481
2482,2493
2494,2506
2507,2514
2515,2524
2525,2537
2538,2548
2549,2557
2558,2575
2576,2582
2583,2591
2592,2602
2603,2612
2613,2622
2623,2632
2633,2641
2642,2657
2658,2666
2667,2682
2683,2692
2693,2701
2702,2714
2715,2725
2726,2734
2735,2741
2742,2757
2758,2774
2778,2785
2788,2791
2796,2807
2808,2820
2821,2825
2838,2842
2845,2851
2852,2858
2859,2874
2875,2890
2891,2905
2906,2916
2917,2921
2922,2928
2929,2933
2934,2945
2946,2956
2957,2964
2965,2988
2989,3012
3013,3022
3023,3030
3031,3035
3036,3050
3051,3062
3063,3081
3082,3094
3095,3110
3111,3131
3132,3136
3137,3153
3154,3170
3171,3184
3185,3203
3204,3220
3221,3230
3231,3240
3241,3252
3253,3258
3259,3266
3267,3278
3279,3299
3300,3320
3321,3333
3334,3347
3348,3360
3361,3369
3370,3378
3379,3385
3389,3397
3398,3416
3417,3426
3427,3436
3437,3440
3441,3447
3448,3453
3454,3464
3465,3477
3478,3485
3486,3494
3495,3506
3507,3522
3523,3540
3541,3553
3554,3565
3566,3572
3573,3589
3590,3599
3600,3613
3614,3628
3629,3640
3641,3654
3655,3669
3670,3676
3677,3700
3701,3710
3711,3716
3717,3729
3730,3738
3739,3751
3752,3767
3768,3775
3776,3793
3794,3803
3804,3814
