78,92
96,103
104,117
118,204
205,230
231,240
241,249
250,260
261,280
281,287
288,293
294,318
319,333
334,345
346,353
354,372
373,377
378,386
388,400
403,409
410,419
420,429
430,438
439,460
461,465
466,474
475,484
488,492
551,554
571,578
579,583
584,594
595,618
619,634
635,643
644,652
653,659
660,672
673,682
683,703
704,710
711,720
721,735
736,753
754,766
767,783
784,798
799,807
808,828
829,850
851,858
859,871
872,880
881,897
898,905
906,915
916,931
932,939
940,946
947,954
955,978
979,1001
1002,1005
1007,1018
1019,1039
1040,1051
1052,1058
1059,1064
1065,1070
1074,1080
1081,1089
1090,1111
1112,1129
1130,1136
1137,1146
1147,1153
1154,1161
1162,1180
1181,1201
1202,1213
1214,1228
1229,1241
1242,1254
1255,1264
1265,1274
1275,1284
1285,1299
1300,1313
1314,1330
1331,1351
1352,1371
1372,1390
1391,1405
1449,1463
1464,1475
1476,1483
1484,1495
1496,1500
1501,1508
1511,1526
1527,1543
1544,1559
1560,1574
1575,1587
1588,1602
1603,1614
1615,1629
1630,1645
1646,1662
1663,1677
1678,1682
1684,1687
1688,1699
1700,1706
1707,1715
1716,1726
1727,1748
1749,1762
1763,1782
1783,1791
1792,1799
1804,1807
1808,1829
1830,1842
1844,1848
1849,1855
1860,1869
1870,1878
1880,1886
1887,1897
1898,1906
1907,1913
1915,1925
1926,1937
1940,1945
1946,1964
1965,1981
1982,1998
1999,2014
2015,2025
2026,2033
2034,2055
2056,2062
2063,2075
2076,2081
2082,2089
2090,2099
2100,2116
2117,2142
2143,2150
2155,2163
2164,2170
2171,2179
2180,2189
2190,2198
2199,2205
2207,2214
2217,2228
2229,2236
2237,2252
2253,2270
2271,2282
2283,2286
2287,2290
2291,2303
2304,2313
2314,2325
2326,2333
2334,2349
2350,2358
2359,2365
2366,2375
2376,2401
2402,2412
2413,2420
2421,2433
2434,2446
2447,2453
2454,2461
2462,2480
2481,2485
2486,2492
2493,2503
2504,2522
2523,2534
2535,2552
2553,2560
2561,2572
2573,2583
2584,2603
2604,2609
2610,2621
2622,2633
2634,2651
2652,2665
2666,2678
2679,2691
2692,2696
2697,2703
2704,2709
2710,2730
2731,2748
2749,2753
2754,2763
2764,2773
2774,2789
2790,2802
2803,2809
2810,2816
2817,2840
2841,2846
2847,2855
2856,2864
2865,2875
2876,2888
2889,2904
2905,2914
2915,2925
2926,2941
2942,2957
2958,2975
2976,2987
2988,3009
3010,3020
3021,3034
3035,3040
3041,3047
3048,3066
3067,3079
3080,3091
3092,3109
3110,3127
3128,3143
3144,3152
3154,3159
3160,3164
3165,3176
3177,3189
3190,3211
3212,3218
3219,3224
3225,3237
3238,3253
3254,3261
3262,3272
3273,3276
3277,3285
3286,3293
