77,84
85,111
112,143
144,168
169,180
181,190
191,204
205,224
225,235
236,254
255,271
272,279
280,289
290,301
302,330
331,341
342,363
364,378
379,387
388,399
400,411
412,425
426,438
439,453
454,464
465,477
479,495
496,506
507,517
518,525
526,535
536,549
550,557
558,579
580,585
586,597
598,609
610,623
624,636
637,649
650,654
655,665
666,671
672,701
702,705
706,714
715,725
726,736
737,756
757,773
774,781
782,793
794,805
806,826
827,846
847,871
872,885
886,913
914,929
930,937
938,944
945,954
956,969
970,982
983,990
991,999
1000,1026
1027,1032
1033,1045
1046,1053
1054,1069
1070,1096
1097,1106
1107,1114
1115,1124
1125,1145
1146,1153
1154,1167
1168,1174
1175,1195
1196,1222
1223,1233
1234,1250
1251,1259
1260,1274
1275,1294
1295,1303
1304,1324
1325,1331
1332,1336
1337,1350
1351,1363
1364,1371
1372,1379
1380,1385
1386,1399
1400,1411
1412,1418
1419,1425
1426,1433
1434,1441
1442,1459
1460,1467
1468,1479
1480,1489
1490,1497
1498,1513
1514,1521
1522,1544
1545,1553
1554,1567
1568,1575
1576,1593
1594,1604
1605,1626
1627,1636
1637,1648
1649,1671
1672,1692
1693,1715
1716,1729
1730,1734
1735,1746
1747,1760
1761,1774
1775,1791
1792,1807
1808,1813
1814,1820
1821,1825
1826,1847
1848,1868
1869,1878
1879,1883
1884,1887
1888,1902
1903,1909
1910,1921
1922,1936
1937,1952
1954,1961
1962,1965
1966,1976
1977,1990
1991,1998
1999,2004
2009,2021
2022,2038
2039,2046
2047,2068
2069,2073
2074,2092
2093,2096
2097,2108
2109,2131
2132,2140
2141,2159
2160,2168
2169,2173
2174,2179
2180,2189
2190,2203
2204,2212
2228,2240
2241,2251
2252,2263
2264,2282
2283,2300
2301,2320
2321,2334
2335,2350
2351,2366
2367,2383
2384,2395
2396,2403
2404,2411
2412,2420
2421,2427
2428,2448
2449,2462
2463,2472
2473,2489
2490,2509
2510,2521
2522,2527
2528,2539
2540,2562
2563,2571
2572,2582
2583,2598
2599,2607
2608,2633
2634,2651
2652,2660
2661,2688
2689,2702
2703,2712
2713,2722
2723,2731
2732,2744
2745,2770
2771,2781
2782,2796
2797,2817
2820,2833
2834,2840
2841,2851
2852,2858
2859,2866
2867,2872
2873,2890
2891,2907
2908,2921
2922,2948
2949,2961
2962,2975
2976,3001
3002,3027
3028,3045
3046,3065
3066,3076
3077,3095
3097,3102
